xof 0303txt 0032
template ColorRGBA {
 <35ff44e0-6c7c-11cf-8f52-0040333594a3>
 FLOAT red;
 FLOAT green;
 FLOAT blue;
 FLOAT alpha;
}

template ColorRGB {
 <d3e16e81-7835-11cf-8f52-0040333594a3>
 FLOAT red;
 FLOAT green;
 FLOAT blue;
}

template Material {
 <3d82ab4d-62da-11cf-ab39-0020af71e433>
 ColorRGBA faceColor;
 FLOAT power;
 ColorRGB specularColor;
 ColorRGB emissiveColor;
 [...]
}

template TextureFilename {
 <a42790e1-7810-11cf-8f52-0040333594a3>
 STRING filename;
}

template Frame {
 <3d82ab46-62da-11cf-ab39-0020af71e433>
 [...]
}

template Matrix4x4 {
 <f6f23f45-7686-11cf-8f52-0040333594a3>
 array FLOAT matrix[16];
}

template FrameTransformMatrix {
 <f6f23f41-7686-11cf-8f52-0040333594a3>
 Matrix4x4 frameMatrix;
}

template Vector {
 <3d82ab5e-62da-11cf-ab39-0020af71e433>
 FLOAT x;
 FLOAT y;
 FLOAT z;
}

template MeshFace {
 <3d82ab5f-62da-11cf-ab39-0020af71e433>
 DWORD nFaceVertexIndices;
 array DWORD faceVertexIndices[nFaceVertexIndices];
}

template Mesh {
 <3d82ab44-62da-11cf-ab39-0020af71e433>
 DWORD nVertices;
 array Vector vertices[nVertices];
 DWORD nFaces;
 array MeshFace faces[nFaces];
 [...]
}

template MeshMaterialList {
 <f6f23f42-7686-11cf-8f52-0040333594a3>
 DWORD nMaterials;
 DWORD nFaceIndexes;
 array DWORD faceIndexes[nFaceIndexes];
 [Material <3d82ab4d-62da-11cf-ab39-0020af71e433>]
}

template VertexElement {
 <f752461c-1e23-48f6-b9f8-8350850f336f>
 DWORD Type;
 DWORD Method;
 DWORD Usage;
 DWORD UsageIndex;
}

template DeclData {
 <bf22e553-292c-4781-9fea-62bd554bdd93>
 DWORD nElements;
 array VertexElement Elements[nElements];
 DWORD nDWords;
 array DWORD data[nDWords];
}

template XSkinMeshHeader {
 <3cf169ce-ff7c-44ab-93c0-f78f62d172e2>
 WORD nMaxSkinWeightsPerVertex;
 WORD nMaxSkinWeightsPerFace;
 WORD nBones;
}

template SkinWeights {
 <6f0d123b-bad2-4167-a0d0-80224f25fabb>
 STRING transformNodeName;
 DWORD nWeights;
 array DWORD vertexIndices[nWeights];
 array FLOAT weights[nWeights];
 Matrix4x4 matrixOffset;
}

template AnimTicksPerSecond {
 <9e415a43-7ba6-4a73-8743-b73d47e88476>
 DWORD AnimTicksPerSecond;
}

template Animation {
 <3d82ab4f-62da-11cf-ab39-0020af71e433>
 [...]
}

template AnimationSet {
 <3d82ab50-62da-11cf-ab39-0020af71e433>
 [Animation <3d82ab4f-62da-11cf-ab39-0020af71e433>]
}

template FloatKeys {
 <10dd46a9-775b-11cf-8f52-0040333594a3>
 DWORD nValues;
 array FLOAT values[nValues];
}

template TimedFloatKeys {
 <f406b180-7b3b-11cf-8f52-0040333594a3>
 DWORD time;
 FloatKeys tfkeys;
}

template AnimationKey {
 <10dd46a8-775b-11cf-8f52-0040333594a3>
 DWORD keyType;
 DWORD nKeys;
 array TimedFloatKeys keys[nKeys];
}


Material Material__35 {
 0.588000;0.588000;0.588000;1.000000;;
 10.000000;
 0.000000;0.000000;0.000000;;
 0.000000;0.000000;0.000000;;

 TextureFilename {
  "NPC_DisPenser_diff.tga";
 }
}

Frame Dummy_root {
 

 FrameTransformMatrix {
  0.000000,-0.000000,-1.000000,0.000000,0.000004,1.000000,-0.000000,0.000000,1.000000,-0.000004,0.000000,0.000000,0.000001,20.000000,0.000000,1.000000;;
 }

 Frame FxBottom {
  

  FrameTransformMatrix {
   1.000000,0.000000,0.000000,0.000000,0.000000,1.000000,0.000003,0.000000,0.000000,-0.000003,1.000000,0.000000,-0.000001,-20.000000,-0.000002,1.000000;;
  }
 }

 Frame Bip001 {
  

  FrameTransformMatrix {
   0.996416,-0.084585,-0.000003,0.000000,0.084585,0.996416,-0.000001,0.000000,0.000003,0.000001,1.000000,0.000000,0.795134,-17.697138,-0.000002,1.000000;;
  }

  Frame Bip001-Pelvis {
   

   FrameTransformMatrix {
    -0.000001,1.000000,0.000000,0.000000,-0.000002,-0.000000,1.000000,0.000000,1.000000,0.000001,0.000002,0.000000,0.000000,0.000000,0.000000,1.000000;;
   }

   Frame Bip001-Spine {
    

    FrameTransformMatrix {
     1.000000,-0.000003,0.000795,0.000000,0.000003,1.000000,0.000007,0.000000,-0.000795,-0.000007,1.000000,0.000000,0.795045,0.000001,-0.008305,1.000000;;
    }

    Frame Bip001-L-Thigh {
     

     FrameTransformMatrix {
      -0.994924,0.000624,0.100625,0.000000,-0.000624,-1.000000,0.000035,0.000000,0.100625,-0.000028,0.994925,0.000000,-0.795038,2.187332,0.008933,1.000000;;
     }

     Frame Bip001-L-Calf {
      

      FrameTransformMatrix {
       0.980067,0.000000,-0.198668,0.000000,-0.000000,1.000000,0.000000,0.000000,0.198668,-0.000000,0.980067,0.000000,0.767882,0.000000,-0.000000,1.000000;;
      }

      Frame Bip001-L-Foot {
       

       FrameTransformMatrix {
        0.995004,-0.000000,0.099832,0.000000,0.000000,1.000000,0.000002,0.000000,-0.099832,-0.000002,0.995004,0.000000,0.767882,-0.000000,0.000000,1.000000;;
       }

       Frame Bip001-L-Toe0 {
        

        FrameTransformMatrix {
         0.000000,-0.000000,1.000000,0.000000,-0.000000,1.000000,0.000000,0.000000,-1.000000,-0.000000,0.000000,0.000000,0.176613,0.000000,0.227293,1.000000;;
        }

        Frame Bip001-L-Toe01 {
         

         FrameTransformMatrix {
          1.000000,0.000000,-0.000000,0.000000,-0.000000,1.000000,0.000002,0.000000,0.000000,-0.000002,1.000000,0.000000,0.023036,0.000000,0.000000,1.000000;;
         }

         Frame Bip001-L-Toe02 {
          

          FrameTransformMatrix {
           1.000000,0.000000,-0.000000,0.000000,0.000000,1.000000,0.000003,0.000000,0.000000,-0.000003,1.000000,0.000000,0.023037,0.000000,0.000000,1.000000;;
          }

          Frame Bip001-L-Toe0Nub {
           

           FrameTransformMatrix {
            -1.000000,-0.000014,0.000691,0.000000,-0.000014,1.000000,-0.000059,0.000000,-0.000691,-0.000059,-1.000000,0.000000,0.023036,0.000000,0.000000,1.000000;;
           }
          }
         }
        }
       }
      }
     }
    }

    Frame Bip001-R-Thigh {
     

     FrameTransformMatrix {
      -0.994924,0.000624,0.100625,0.000000,-0.000624,-1.000000,0.000035,0.000000,0.100625,-0.000028,0.994925,0.000000,-0.795037,-2.187333,0.008945,1.000000;;
     }

     Frame Bip001-R-Calf {
      

      FrameTransformMatrix {
       0.980067,0.000000,-0.198668,0.000000,-0.000000,1.000000,0.000000,0.000000,0.198668,-0.000000,0.980067,0.000000,0.767882,0.000000,0.000000,1.000000;;
      }

      Frame Bip001-R-Foot {
       

       FrameTransformMatrix {
        0.995004,-0.000000,0.099832,0.000000,0.000000,1.000000,0.000002,0.000000,-0.099832,-0.000002,0.995004,0.000000,0.767882,-0.000000,0.000000,1.000000;;
       }

       Frame Bip001-R-Toe0 {
        

        FrameTransformMatrix {
         0.000000,-0.000000,1.000000,0.000000,-0.000000,1.000000,0.000000,0.000000,-1.000000,-0.000000,0.000000,0.000000,0.176613,0.000000,0.227293,1.000000;;
        }

        Frame Bip001-R-Toe01 {
         

         FrameTransformMatrix {
          1.000000,0.000000,-0.000000,0.000000,-0.000000,1.000000,0.000002,0.000000,0.000000,-0.000002,1.000000,0.000000,0.023036,0.000000,0.000000,1.000000;;
         }

         Frame Bip001-R-Toe02 {
          

          FrameTransformMatrix {
           1.000000,0.000000,-0.000000,0.000000,0.000000,1.000000,0.000003,0.000000,0.000000,-0.000003,1.000000,0.000000,0.023036,0.000000,-0.000000,1.000000;;
          }

          Frame Bip001-R-Toe0Nub {
           

           FrameTransformMatrix {
            1.000000,0.000000,-0.000000,0.000000,0.000000,1.000000,-0.000000,0.000000,0.000000,0.000000,1.000000,0.000000,0.023037,0.000000,0.000000,1.000000;;
           }
          }
         }
        }
       }
      }
     }
    }

    Frame Bip001-Neck {
     

     FrameTransformMatrix {
      1.000000,-0.000000,0.000000,0.000000,0.000000,1.000000,0.000001,0.000000,0.000000,-0.000001,1.000000,0.000000,8.710997,0.000002,1.090640,1.000000;;
     }

     Frame Bip001-L-Clavicle {
      

      FrameTransformMatrix {
       0.044434,0.999013,0.000186,0.000000,0.999012,-0.044434,-0.001036,0.000000,-0.001027,0.000232,-1.000000,0.000000,-1.163665,2.826309,-1.330924,1.000000;;
      }

      Frame Bip001-L-UpperArm {
       

       FrameTransformMatrix {
        0.694095,-0.719874,-0.003601,0.000000,0.006832,0.011589,-0.999910,0.000000,0.719851,0.694008,0.012963,0.000000,1.252584,0.000000,0.000000,1.000000;;
       }

       Frame Bip001-L-Forearm {
        

        FrameTransformMatrix {
         0.899541,0.000000,-0.436836,0.000000,-0.000000,1.000000,0.000000,0.000000,0.436836,-0.000000,0.899541,0.000000,3.453096,0.000000,0.000001,1.000000;;
        }

        Frame Bip001-L-Hand {
         

         FrameTransformMatrix {
          0.989727,0.061893,-0.128876,0.000000,0.128870,0.004097,0.991653,0.000000,0.061905,-0.998075,-0.003921,0.000000,2.257838,0.000000,-0.000001,1.000000;;
         }

         Frame Bip001-L-Finger0 {
          

          FrameTransformMatrix {
           0.998581,0.053246,0.000042,0.000000,-0.053246,0.998581,0.000797,0.000000,0.000000,-0.000798,1.000000,0.000000,1.502010,0.000001,-0.000000,1.000000;;
          }

          Frame Bip001-L-Finger0Nub {
           

           FrameTransformMatrix {
            1.000000,0.000000,-0.000000,0.000000,0.000000,1.000000,0.000000,0.000000,0.000000,-0.000000,1.000000,0.000000,0.000129,0.000000,-0.000000,1.000000;;
           }
          }
         }

         Frame FxHand00 {
          

          FrameTransformMatrix {
           -0.010363,0.014568,-0.999840,0.000000,-0.973608,0.227831,0.013411,0.000000,0.227990,0.973592,0.011823,0.000000,4.346056,-0.587171,0.234439,1.000000;;
          }
         }
        }

        Frame Object009 {
         

         FrameTransformMatrix {
          0.461070,0.005700,0.887346,0.000000,-0.887320,-0.006941,0.461102,0.000000,0.008788,-0.999960,0.001857,0.000000,1.111901,-0.018985,-0.100223,1.000000;;
         }
        }

        Frame HandDummy01 {
         

         FrameTransformMatrix {
          0.076182,0.002244,0.997091,0.000000,-0.008841,0.999960,-0.001575,0.000000,-0.997055,-0.008695,0.076198,0.000000,3.041786,0.028707,-0.344729,1.000000;;
         }

         Frame BoneHandL01 {
          

          FrameTransformMatrix {
           0.200883,-0.000025,-0.979615,0.000000,0.003815,0.999992,0.000757,0.000000,0.979608,-0.003889,0.200882,0.000000,0.368298,-0.021549,-0.121216,1.000000;;
          }

          Frame Object007 {
           

           FrameTransformMatrix {
            0.610851,0.000000,0.791745,0.000000,-0.791745,-0.000000,0.610851,0.000000,0.000000,-1.000000,-0.000000,0.000000,1.115759,0.015926,0.204790,1.000000;;
           }
          }
         }

         Frame BoneHandL02 {
          

          FrameTransformMatrix {
           -0.255834,0.002062,-0.966719,0.000000,-0.004016,-0.999991,-0.001071,0.000000,-0.966713,0.003609,0.255840,0.000000,-0.415851,-0.018819,-0.028191,1.000000;;
          }

          Frame Object008 {
           

           FrameTransformMatrix {
            0.158456,-0.000143,-0.987366,0.000000,-0.987366,0.000732,-0.158456,0.000000,0.000746,1.000000,-0.000025,0.000000,0.974478,-0.016469,0.285313,1.000000;;
           }
          }
         }

         Frame Object022 {
          

          FrameTransformMatrix {
           0.906311,-0.002397,-0.422605,0.000000,0.422597,-0.003061,0.906312,0.000000,-0.003466,-0.999992,-0.001761,0.000000,0.000000,-0.000001,-0.000002,1.000000;;
          }
         }
        }
       }

       Frame Object013 {
        

        FrameTransformMatrix {
         0.793299,0.005700,0.608805,0.000000,-0.608769,-0.006938,0.793317,0.000000,0.008746,-0.999960,-0.002034,0.000000,0.256007,-0.043460,0.013350,1.000000;;
        }
       }
      }
     }

     Frame Bip001-R-Clavicle {
      

      FrameTransformMatrix {
       0.027446,-0.999623,0.000337,0.000000,-0.999623,-0.027446,0.001202,0.000000,-0.001192,-0.000370,-0.999999,0.000000,-1.163664,-2.826313,-1.330909,1.000000;;
      }

      Frame Bip001-R-UpperArm {
       

       FrameTransformMatrix {
        0.704905,0.709139,-0.015223,0.000000,-0.005794,0.027218,0.999613,0.000000,0.709279,-0.704543,0.023295,0.000000,1.252584,0.000000,0.000000,1.000000;;
       }

       Frame Bip001-R-Forearm {
        

        FrameTransformMatrix {
         0.916630,0.000003,-0.399738,0.000000,-0.000003,1.000000,0.000001,0.000000,0.399738,0.000000,0.916630,0.000000,3.167607,-0.000000,-0.000001,1.000000;;
        }

        Frame Bip001-R-Hand {
         

         FrameTransformMatrix {
          0.989727,-0.061893,-0.128875,0.000000,-0.128870,0.004095,-0.991653,0.000000,0.061905,0.998074,-0.003923,0.000000,2.693277,-0.000000,0.000000,1.000000;;
         }

         Frame Bip001-R-Finger0 {
          

          FrameTransformMatrix {
           0.998581,-0.053246,0.000042,0.000000,0.053246,0.998581,-0.000795,0.000000,-0.000000,0.000796,1.000000,0.000000,0.252239,0.000000,0.000000,1.000000;;
          }

          Frame Bip001-R-Finger0Nub {
           

           FrameTransformMatrix {
            -1.000000,0.000026,0.000691,0.000000,0.000026,1.000000,0.000370,0.000000,-0.000691,0.000370,-1.000000,0.000000,0.000129,0.000001,0.000000,1.000000;;
           }
          }
         }

         Frame FxHand01 {
          

          FrameTransformMatrix {
           0.005355,-0.014468,-0.999881,0.000000,-0.964070,-0.265644,-0.001320,0.000000,-0.265593,0.963963,-0.015371,0.000000,4.143225,0.782421,0.221084,1.000000;;
          }
         }
        }

        Frame Object017 {
         

         FrameTransformMatrix {
          -0.498627,0.005701,-0.866798,0.000000,-0.866772,0.006936,0.498658,0.000000,0.008855,0.999960,0.001483,0.000000,1.369515,-0.056498,-0.038188,1.000000;;
         }
        }

        Frame HandDummy02 {
         

         FrameTransformMatrix {
          -0.118792,0.002240,-0.992917,0.000000,0.008900,0.999960,0.001191,0.000000,0.992880,-0.008695,-0.118807,0.000000,3.287835,-0.028686,-0.364960,1.000000;;
         }

         Frame BoneHandR01 {
          

          FrameTransformMatrix {
           -0.200892,-0.000958,0.979613,0.000000,0.003495,0.999992,0.001695,0.000000,-0.979607,0.003764,-0.200887,0.000000,-0.368254,0.021550,0.121196,1.000000;;
          }

          Frame Object015 {
           

           FrameTransformMatrix {
            -0.610851,-0.000000,-0.791746,0.000000,-0.791746,-0.000001,0.610851,0.000000,-0.000001,1.000000,0.000000,0.000000,1.115756,-0.015926,0.204790,1.000000;;
           }
          }
         }

         Frame BoneHandR02 {
          

          FrameTransformMatrix {
           0.255863,-0.002512,0.966710,0.000000,-0.003427,-0.999993,-0.001692,0.000000,0.966707,-0.002880,-0.255869,0.000000,0.415894,0.018819,0.028171,1.000000;;
          }

          Frame Object014 {
           

           FrameTransformMatrix {
            -0.158451,-0.000018,0.987367,0.000000,-0.987367,-0.000098,-0.158451,0.000000,0.000099,-1.000000,-0.000003,0.000000,0.974490,0.015846,0.285308,1.000000;;
           }
          }
         }

         Frame Object021 {
          

          FrameTransformMatrix {
           0.906310,-0.002397,-0.422606,0.000000,-0.422598,0.003059,-0.906312,0.000000,0.003466,0.999992,0.001760,0.000000,0.000001,-0.000000,0.000004,1.000000;;
          }
         }
        }
       }

       Frame Object020 {
        

        FrameTransformMatrix {
         -0.793299,0.005699,-0.608807,0.000000,-0.608770,0.006938,0.793317,0.000000,0.008745,0.999960,-0.002034,0.000000,0.254705,-0.133766,0.013903,1.000000;;
        }
       }
      }
     }

     Frame Bip001-Head {
      

      FrameTransformMatrix {
       1.000000,-0.000004,-0.000785,0.000000,0.000004,1.000000,-0.000002,0.000000,0.000785,0.000002,1.000000,0.000000,1.209171,-0.000003,-1.787567,1.000000;;
      }

      Frame Bip001-HeadNub {
       

       FrameTransformMatrix {
        1.000000,0.000000,0.000000,0.000000,0.000000,1.000000,0.000003,0.000000,0.000000,-0.000003,1.000000,0.000000,10.411799,0.000000,0.000000,1.000000;;
       }
      }

      Frame FxTop {
       

       FrameTransformMatrix {
        0.084561,0.000002,0.996418,0.000000,0.996418,-0.000004,-0.084561,0.000000,0.000004,1.000000,-0.000003,0.000000,17.125741,-0.000001,-0.097782,1.000000;;
       }
      }

      Frame HeadDummy01 {
       

       FrameTransformMatrix {
        0.000000,1.000000,-0.000002,0.000000,-0.000001,0.000002,1.000000,0.000000,1.000000,-0.000000,0.000001,0.000000,5.181390,0.000002,0.000007,1.000000;;
       }

       Frame Ear-Bone02 {
        

        FrameTransformMatrix {
         -1.000000,-0.000004,-0.000602,0.000000,-0.000004,1.000000,-0.000001,0.000000,0.000602,-0.000001,-1.000000,0.000000,-0.355999,0.303885,-0.732187,1.000000;;
        }

        Frame Object002 {
         

         FrameTransformMatrix {
          -1.000000,-0.000265,-0.000262,0.000000,0.000262,-0.000000,-1.000000,0.000000,0.000265,-1.000000,0.000000,0.000000,2.906617,0.299215,-0.055050,1.000000;;
         }
        }
       }

       Frame Ear-Bone01 {
        

        FrameTransformMatrix {
         1.000000,-0.000038,-0.000009,0.000000,0.000038,1.000000,0.000043,0.000000,0.000009,-0.000043,1.000000,0.000000,0.356001,0.303885,-0.732187,1.000000;;
        }

        Frame Object003 {
         

         FrameTransformMatrix {
          1.000000,-0.000000,0.000000,0.000000,0.000000,0.000000,1.000000,0.000000,0.000000,-1.000000,0.000000,0.000000,2.906612,0.299209,0.055052,1.000000;;
         }
        }
       }
      }
     }
    }

    Frame FrontBone01 {
     

     FrameTransformMatrix {
      0.970893,0.000028,0.239515,0.000000,-0.000186,-1.000000,0.000872,0.000000,0.239514,-0.000891,-0.970893,0.000000,-1.279216,0.000005,3.541956,1.000000;;
     }

     Frame Object006 {
      

      FrameTransformMatrix {
       0.000000,-1.000000,0.000000,0.000000,0.971819,0.000000,0.235728,0.000000,-0.235728,-0.000000,0.971819,0.000000,2.657481,-0.000000,0.134647,1.000000;;
      }
     }
    }

    Frame FrontBone02 {
     

     FrameTransformMatrix {
      -0.905740,0.000456,0.423835,0.000000,-0.000453,-1.000000,0.000106,0.000000,0.423835,-0.000096,0.905740,0.000000,7.179678,0.000003,3.034143,1.000000;;
     }

     Frame Object005 {
      

      FrameTransformMatrix {
       -0.000000,-1.000000,0.000001,0.000000,-0.906104,0.000000,0.423055,0.000000,-0.423055,-0.000001,-0.906105,0.000000,2.073818,-0.000001,-0.235775,1.000000;;
      }
     }
    }

    Frame Back-Bone01 {
     

     FrameTransformMatrix {
      0.338717,-0.000524,-0.940889,0.000000,0.000517,-1.000000,0.000743,0.000000,-0.940889,-0.000738,-0.338716,0.000000,4.455921,-0.000008,-4.530615,1.000000;;
     }

     Frame Back-Bone02 {
      

      FrameTransformMatrix {
       0.249771,0.000154,0.968305,0.000000,0.000054,1.000000,-0.000173,0.000000,-0.968305,0.000095,0.249771,0.000000,1.111968,-0.000001,1.349842,1.000000;;
      }

      Frame Back-Bone03 {
       

       FrameTransformMatrix {
        1.000000,0.000000,-0.000000,0.000000,-0.000000,1.000000,0.000008,0.000000,0.000000,-0.000008,1.000000,0.000000,2.363093,-0.000001,0.071568,1.000000;;
       }
      }
     }
    }

    Frame FxCenter {
     

     FrameTransformMatrix {
      0.085360,0.000001,0.996350,0.000000,0.996350,0.000000,-0.085360,0.000000,-0.000001,1.000000,-0.000001,0.000000,3.925403,-0.000001,-0.789955,1.000000;;
     }
    }
   }
  }
 }
}

Frame NPC_DisPenser_Skel {
 

 FrameTransformMatrix {
  1.000000,0.000000,0.000000,0.000000,0.000000,1.000000,0.000000,0.000000,0.000000,0.000000,1.000000,0.000000,0.000000,0.000000,0.000000,1.000000;;
 }

 Mesh NPC_DisPenser_Skel {
  5129;
  -0.202945;18.741294;-1.206117;,
  -0.202471;18.468435;-3.457650;,
  -0.207936;19.031368;-2.471961;,
  -0.179482;16.161102;-3.256783;,
  -0.190454;17.267176;-3.824498;,
  -0.183227;16.425453;-0.964449;,
  -0.179482;16.161102;-3.256783;,
  -0.178730;15.811235;-1.966004;,
  -0.193298;17.705218;-0.649708;,
  -0.202945;18.741294;-1.206117;,
  -0.202945;18.741294;-1.206117;,
  -0.183227;16.425453;-0.964449;,
  -0.202471;18.468435;-3.457650;,
  6.534516;5.510245;-0.433736;,
  6.607183;5.938830;-0.924637;,
  6.413722;5.500276;-0.898166;,
  6.579687;5.097799;-0.407858;,
  6.466065;5.023609;-0.868264;,
  6.894586;5.241668;-0.075351;,
  6.868523;5.479800;-0.090293;,
  6.702056;5.890027;-0.456660;,
  6.987226;6.219162;-0.940431;,
  7.037204;6.135299;-0.470482;,
  6.965250;5.699067;-0.103528;,
  7.326191;5.417126;0.040073;,
  7.036410;5.048541;-0.062711;,
  6.826027;4.763080;-0.385959;,
  6.755267;4.635918;-0.842963;,
  7.784990;5.339000;-0.077558;,
  7.758930;5.577131;-0.092499;,
  7.617055;5.770323;-0.105144;,
  7.397392;5.866803;-0.112102;,
  7.158795;5.840727;-0.111511;,
  7.446534;6.181051;-0.471572;,
  7.158795;5.840727;-0.111511;,
  7.830774;6.013655;-0.459475;,
  8.076782;5.678825;-0.437558;,
  8.121922;5.266420;-0.411683;,
  7.955208;4.888240;-0.388868;,
  7.688266;5.119732;-0.064322;,
  8.194580;5.694992;-0.902583;,
  7.907459;6.083894;-0.928074;,
  7.451094;6.277023;-0.942106;,
  7.206130;4.596256;-0.373919;,
  7.196800;4.447258;-0.829303;,
  7.620729;4.641966;-0.374971;,
  7.687302;4.505941;-0.830791;,
  8.059183;4.789846;-0.846892;,
  8.246546;5.218758;-0.872710;,
  7.494671;4.978136;-0.056343;,
  7.256074;4.952061;-0.055753;,
  7.256074;4.952061;-0.055753;,
  7.263013;4.852241;-1.658766;,
  7.630335;4.586625;-1.300609;,
  7.209951;4.538551;-1.299419;,
  7.043349;4.948721;-1.665725;,
  6.829738;4.705529;-1.311466;,
  6.901526;5.141848;-1.678365;,
  6.583682;5.040199;-1.333366;,
  6.875462;5.379980;-1.693305;,
  6.538524;5.452613;-1.359242;,
  6.972190;5.599246;-1.706541;,
  6.706062;5.832396;-1.382166;,
  7.165734;5.740908;-1.714524;,
  7.041350;6.077724;-1.395991;,
  7.404330;5.766983;-1.715116;,
  7.334204;5.301863;-1.810939;,
  7.501610;4.878316;-1.659357;,
  7.695204;5.019911;-1.667337;,
  7.791930;5.239180;-1.680572;,
  7.765868;5.477311;-1.695513;,
  7.623995;5.670503;-1.708157;,
  7.452134;6.123191;-1.397052;,
  6.987226;6.219162;-0.940431;,
  6.607183;5.938830;-0.924637;,
  6.413722;5.500276;-0.898166;,
  7.834966;5.955878;-1.384970;,
  8.080790;5.621191;-1.363063;,
  8.125927;5.208702;-1.337183;,
  7.960150;4.831567;-1.314439;,
  8.246546;5.218758;-0.872710;,
  8.059183;4.789846;-0.846892;,
  8.194580;5.694992;-0.902583;,
  7.907459;6.083894;-0.928074;,
  7.451094;6.277023;-0.942106;,
  6.466065;5.023609;-0.868264;,
  6.755267;4.635918;-0.842963;,
  7.196800;4.447258;-0.829303;,
  7.687302;4.505941;-0.830791;,
  6.847926;5.497308;-0.383097;,
  6.855628;4.798189;-0.254721;,
  7.093635;4.915574;-0.346465;,
  6.847926;5.497308;-0.383097;,
  6.467932;5.378761;-0.290680;,
  6.687627;4.593812;-0.154605;,
  6.034616;5.001192;-0.180349;,
  5.822590;4.420377;-0.095988;,
  6.681550;4.226156;-0.068275;,
  5.934686;3.741832;-0.023297;,
  6.850554;3.905178;-0.032614;,
  6.272390;3.304677;0.005512;,
  6.845394;3.009446;0.026697;,
  7.092363;3.791827;-0.024371;,
  7.362758;2.954461;0.032470;,
  7.390226;3.795016;-0.023190;,
  7.779839;5.091650;-0.354206;,
  8.051732;5.028692;-1.448274;,
  8.045902;5.103234;-0.267953;,
  7.785263;5.028425;-1.363358;,
  7.750586;5.103585;-0.383432;,
  7.755966;5.044145;-1.336178;,
  8.328173;4.108782;-0.037020;,
  8.069894;3.873958;-1.535741;,
  8.065802;3.968070;-0.029545;,
  8.335658;4.013229;-1.550358;,
  8.485290;4.324572;-0.049868;,
  8.492778;4.229019;-1.563206;,
  8.477833;4.687048;-0.087695;,
  8.485170;4.593373;-1.571286;,
  8.293615;5.005722;-0.172286;,
  8.300326;4.920064;-1.528928;,
  7.400234;3.704058;-1.529553;,
  7.092363;3.791827;-0.024371;,
  7.390226;3.795016;-0.023190;,
  7.099944;3.697942;-1.537814;,
  6.850554;3.905178;-0.032614;,
  6.858134;3.811292;-1.546057;,
  6.681550;4.226156;-0.068275;,
  6.688982;4.134117;-1.551969;,
  6.687627;4.593812;-0.154605;,
  6.694422;4.509648;-1.511342;,
  6.855628;4.798189;-0.254721;,
  6.861539;4.724964;-1.435125;,
  7.093635;4.915574;-0.346465;,
  7.098689;4.852971;-1.355654;,
  6.280012;3.210266;-1.516409;,
  6.845394;3.009446;0.026697;,
  6.272390;3.304677;0.005512;,
  6.853015;2.915036;-1.495225;,
  7.370105;2.853583;-1.478087;,
  7.362758;2.954461;0.032470;,
  7.390226;3.795016;-0.023190;,
  7.400234;3.704058;-1.529553;,
  6.852990;5.434584;-1.394220;,
  6.467932;5.378761;-0.290680;,
  6.847926;5.497308;-0.383097;,
  6.473868;5.305251;-1.475689;,
  6.034616;5.001192;-0.180349;,
  6.041443;4.916633;-1.543454;,
  5.822590;4.420377;-0.095988;,
  5.829913;4.329689;-1.557898;,
  5.934686;3.741832;-0.023297;,
  5.942308;3.647422;-1.545219;,
  7.370105;2.853583;-1.478087;,
  7.099944;3.697942;-1.537814;,
  7.400234;3.704058;-1.529553;,
  6.853015;2.915036;-1.495225;,
  6.858134;3.811292;-1.546057;,
  6.280012;3.210266;-1.516409;,
  5.942308;3.647422;-1.545219;,
  6.688982;4.134117;-1.551969;,
  5.829913;4.329689;-1.557898;,
  6.694422;4.509648;-1.511342;,
  6.041443;4.916633;-1.543454;,
  6.473868;5.305251;-1.475689;,
  6.861539;4.724964;-1.435125;,
  6.852990;5.434584;-1.394220;,
  7.098689;4.852971;-1.355654;,
  9.281852;4.077232;-0.026539;,
  9.373974;4.526768;-1.582387;,
  9.366446;4.622856;-0.060572;,
  9.289380;3.981143;-1.548355;,
  8.922587;3.542592;0.005441;,
  8.930116;3.446504;-1.516375;,
  8.496058;3.245140;0.021883;,
  8.502834;3.146066;-1.492266;,
  8.065802;3.968070;-0.029545;,
  8.069894;3.873958;-1.535741;,
  7.712310;5.719263;-0.393478;,
  7.690379;5.638014;-1.375643;,
  7.685507;5.698490;-0.420169;,
  7.717456;5.655294;-1.404521;,
  8.104957;5.798491;-0.309562;,
  8.110811;5.723678;-1.494489;,
  8.668834;5.677190;-0.210028;,
  8.675576;5.591128;-1.573039;,
  9.136169;5.270957;-0.132670;,
  9.143400;5.178658;-1.594480;,
  8.110811;5.723678;-1.494489;,
  8.300326;4.920064;-1.528928;,
  8.051732;5.028692;-1.448274;,
  7.717456;5.655294;-1.404521;,
  7.785263;5.028425;-1.363358;,
  7.755966;5.044145;-1.336178;,
  7.690379;5.638014;-1.375643;,
  8.335658;4.013229;-1.550358;,
  8.502834;3.146066;-1.492266;,
  8.069894;3.873958;-1.535741;,
  8.930116;3.446504;-1.516375;,
  8.492778;4.229019;-1.563206;,
  9.289380;3.981143;-1.548355;,
  9.373974;4.526768;-1.582387;,
  8.485170;4.593373;-1.571286;,
  9.143400;5.178658;-1.594480;,
  8.675576;5.591128;-1.573039;,
  7.598476;6.172084;-1.340291;,
  7.527702;6.856421;-0.513858;,
  7.579036;6.226986;-0.472056;,
  7.476634;6.287781;-0.476097;,
  7.326166;6.319739;-0.478462;,
  7.350043;7.590061;-0.562158;,
  7.531614;6.799511;-1.382922;,
  7.353956;7.533130;-1.431546;,
  7.480545;6.230924;-1.344352;,
  7.567398;6.168166;-1.340066;,
  7.330077;6.262876;-1.346815;,
  6.854775;6.606512;-0.498427;,
  6.972131;6.143193;-0.467359;,
  7.057268;6.226441;-0.472628;,
  7.171338;6.301304;-0.477457;,
  6.582434;7.201122;-0.537796;,
  6.212907;7.604756;-0.565733;,
  7.005102;8.315081;-0.610985;,
  6.988510;8.337581;-1.486780;,
  6.099502;7.752390;-1.449792;,
  6.586347;7.144192;-1.407184;,
  6.858687;6.549602;-1.367492;,
  7.175250;6.244441;-1.345811;,
  7.061178;6.169583;-1.340886;,
  6.958594;6.084263;-1.335377;,
  6.993472;6.088398;-1.335591;,
  8.293615;5.005722;-0.172286;,
  8.104957;5.798491;-0.309562;,
  8.045902;5.103234;-0.267953;,
  7.712310;5.719263;-0.393478;,
  7.779839;5.091650;-0.354206;,
  7.685507;5.698490;-0.420169;,
  7.750586;5.103585;-0.383432;,
  8.496058;3.245140;0.021883;,
  8.328173;4.108782;-0.037020;,
  8.065802;3.968070;-0.029545;,
  8.922587;3.542592;0.005441;,
  8.485290;4.324572;-0.049868;,
  9.281852;4.077232;-0.026539;,
  9.366446;4.622856;-0.060572;,
  8.477833;4.687048;-0.087695;,
  9.136169;5.270957;-0.132670;,
  8.668834;5.677190;-0.210028;,
  6.586347;7.144192;-1.407184;,
  6.212907;7.604756;-0.565733;,
  6.099502;7.752390;-1.449792;,
  6.582434;7.201122;-0.537796;,
  6.858687;6.549602;-1.367492;,
  6.854775;6.606512;-0.498427;,
  6.958594;6.084263;-1.335377;,
  6.972131;6.143193;-0.467359;,
  6.993472;6.088398;-1.335591;,
  7.061178;6.169583;-1.340886;,
  7.057268;6.226441;-0.472628;,
  7.171338;6.301304;-0.477457;,
  7.175250;6.244441;-1.345811;,
  7.330077;6.262876;-1.346815;,
  7.326166;6.319739;-0.478462;,
  7.480545;6.230924;-1.344352;,
  7.476634;6.287781;-0.476097;,
  7.567398;6.168166;-1.340066;,
  7.579036;6.226986;-0.472056;,
  7.598476;6.172084;-1.340291;,
  7.685507;5.698490;-0.420169;,
  7.755966;5.044145;-1.336178;,
  7.750586;5.103585;-0.383432;,
  7.690379;5.638014;-1.375643;,
  -1.696600;7.165539;4.875842;,
  -0.848739;6.251876;3.727172;,
  -1.469292;6.638156;4.212428;,
  0.846185;6.250804;3.728528;,
  -0.001224;6.110034;3.550071;,
  -0.849423;8.078083;6.025804;,
  -1.469687;7.692588;5.539555;,
  0.845501;8.077011;6.027159;,
  1.693362;7.163395;4.878554;,
  1.466449;6.636300;4.214776;,
  1.466054;7.690732;5.541902;,
  -0.002007;8.227989;6.194802;,
  -1.369820;6.086366;6.740586;,
  -1.580903;5.595880;6.122892;,
  -0.003611;5.593395;6.125400;,
  -1.369452;5.105176;5.505603;,
  -0.791937;4.745653;5.054030;,
  -0.003242;4.613694;4.889171;,
  -0.003976;6.576130;7.359148;,
  -0.792574;6.445158;7.193081;,
  -1.369820;6.086366;6.740586;,
  -0.003976;6.576130;7.359148;,
  -0.847463;6.562718;7.221125;,
  -0.792574;6.445158;7.193081;,
  -0.003928;6.702766;7.398758;,
  -0.792574;6.445158;7.193081;,
  -1.464820;6.178970;6.737147;,
  -1.369820;6.086366;6.740586;,
  -0.847463;6.562718;7.221125;,
  -1.369820;6.086366;6.740586;,
  -1.690709;5.654346;6.076460;,
  -1.580903;5.595880;6.122892;,
  -1.464820;6.178970;6.737147;,
  -1.580903;5.595880;6.122892;,
  -1.464427;5.129428;5.416188;,
  -1.369452;5.105176;5.505603;,
  -1.690709;5.654346;6.076460;,
  -1.369452;5.105176;5.505603;,
  -0.846781;4.744909;4.933143;,
  -0.791937;4.745653;5.054030;,
  -1.464427;5.129428;5.416188;,
  -0.791937;4.745653;5.054030;,
  -0.003142;4.603737;4.756848;,
  -0.003242;4.613694;4.889171;,
  -0.846781;4.744909;4.933143;,
  -0.846781;4.744909;4.933143;,
  -0.001224;6.110034;3.550071;,
  -0.003142;4.603737;4.756848;,
  -0.848739;6.251876;3.727172;,
  -1.464427;5.129428;5.416188;,
  -0.848739;6.251876;3.727172;,
  -0.846781;4.744909;4.933143;,
  -1.469292;6.638156;4.212428;,
  -1.690709;5.654346;6.076460;,
  -1.469292;6.638156;4.212428;,
  -1.464427;5.129428;5.416188;,
  -1.696600;7.165539;4.875842;,
  -1.464820;6.178970;6.737147;,
  -1.696600;7.165539;4.875842;,
  -1.690709;5.654346;6.076460;,
  -1.469687;7.692588;5.539555;,
  -0.847463;6.562718;7.221125;,
  -1.469687;7.692588;5.539555;,
  -1.464820;6.178970;6.737147;,
  -0.849423;8.078083;6.025804;,
  -0.003928;6.702766;7.398758;,
  -0.849423;8.078083;6.025804;,
  -0.847463;6.562718;7.221125;,
  -0.002007;8.227989;6.194802;,
  0.784720;6.444160;7.194343;,
  -0.003611;5.593395;6.125400;,
  1.362234;6.084638;6.742772;,
  -0.003976;6.576130;7.359148;,
  1.362234;6.084638;6.742772;,
  1.573686;5.593886;6.125416;,
  1.362602;5.103448;5.507789;,
  0.785356;4.744656;5.055293;,
  -0.003242;4.613694;4.889171;,
  -0.003976;6.576130;7.359148;,
  0.839712;6.561652;7.222475;,
  -0.003928;6.702766;7.398758;,
  0.784720;6.444160;7.194343;,
  0.784720;6.444160;7.194343;,
  1.457357;6.177123;6.739485;,
  0.839712;6.561652;7.222475;,
  1.362234;6.084638;6.742772;,
  1.362234;6.084638;6.742772;,
  1.683639;5.652213;6.079159;,
  1.457357;6.177123;6.739485;,
  1.573686;5.593886;6.125416;,
  1.573686;5.593886;6.125416;,
  1.457750;5.127580;5.418525;,
  1.683639;5.652213;6.079159;,
  1.362602;5.103448;5.507789;,
  1.362602;5.103448;5.507789;,
  0.840393;4.743842;4.934494;,
  1.457750;5.127580;5.418525;,
  0.785356;4.744656;5.055293;,
  0.785356;4.744656;5.055293;,
  -0.003142;4.603737;4.756848;,
  0.840393;4.743842;4.934494;,
  -0.003242;4.613694;4.889171;,
  0.840393;4.743842;4.934494;,
  -0.001224;6.110034;3.550071;,
  0.846185;6.250804;3.728528;,
  -0.003142;4.603737;4.756848;,
  1.457750;5.127580;5.418525;,
  0.846185;6.250804;3.728528;,
  1.466449;6.636300;4.214776;,
  0.840393;4.743842;4.934494;,
  1.683639;5.652213;6.079159;,
  1.466449;6.636300;4.214776;,
  1.693362;7.163395;4.878554;,
  1.457750;5.127580;5.418525;,
  1.457357;6.177123;6.739485;,
  1.693362;7.163395;4.878554;,
  1.466054;7.690732;5.541902;,
  1.683639;5.652213;6.079159;,
  0.839712;6.561652;7.222475;,
  1.466054;7.690732;5.541902;,
  0.845501;8.077011;6.027159;,
  1.457357;6.177123;6.739485;,
  -0.003928;6.702766;7.398758;,
  0.845501;8.077011;6.027159;,
  -0.002007;8.227989;6.194802;,
  0.839712;6.561652;7.222475;,
  -5.060897;21.037080;-4.932788;,
  -4.932994;21.106454;-4.887103;,
  -4.972081;20.991966;-4.915123;,
  -5.027890;21.133776;-4.909160;,
  -4.934742;21.205357;-4.811889;,
  -5.029360;21.217162;-4.845722;,
  -5.159199;21.085822;-4.762550;,
  -5.064971;21.265072;-4.759564;,
  -5.125128;21.264558;-4.673676;,
  -5.193645;21.215813;-4.611138;,
  -5.252316;21.131851;-4.588751;,
  -5.285322;21.035238;-4.612450;,
  -5.283803;20.951821;-4.675848;,
  -5.248237;20.903933;-4.762052;,
  -5.188100;20.904507;-4.847884;,
  -5.119534;20.953226;-4.910380;,
  -5.236346;20.890811;-4.610511;,
  -5.238134;20.989701;-4.535396;,
  -5.194190;20.834064;-4.712724;,
  -5.122924;20.834669;-4.814464;,
  -5.041597;20.892458;-4.888590;,
  -4.976948;21.262133;-4.709714;,
  -5.048214;21.261528;-4.607975;,
  -5.129493;21.203786;-4.533881;,
  -5.198959;21.104246;-4.507313;,
  -2.164172;15.598909;-7.713322;,
  -2.759902;15.578102;-7.505643;,
  -1.639511;15.922242;-7.922830;,
  -3.649198;22.386366;-5.589131;,
  -3.515198;22.422843;-5.526108;,
  -3.574672;22.321699;-5.566765;,
  -3.598970;22.471789;-5.554823;,
  -3.503899;22.515203;-5.443745;,
  -3.589442;22.549664;-5.485356;,
  -3.752856;22.445949;-5.425648;,
  -3.623182;22.599293;-5.399422;,
  -3.691122;22.607267;-5.319950;,
  -3.774992;22.571482;-5.268293;,
  -3.852456;22.501538;-5.258355;,
  -3.902659;22.416194;-5.292722;,
  -3.912151;22.338280;-5.362151;,
  -3.878446;22.288678;-5.448134;,
  -3.810513;22.280765;-5.527546;,
  -3.726610;22.316509;-5.579157;,
  -3.886430;22.264624;-5.297688;,
  -3.875166;22.356981;-5.215422;,
  -3.846478;22.205848;-5.399637;,
  -3.765984;22.196394;-5.493776;,
  -3.666463;22.238794;-5.554992;,
  -3.543894;22.574021;-5.341835;,
  -3.624386;22.583475;-5.247699;,
  -3.723843;22.541110;-5.186502;,
  -3.815595;22.458157;-5.174686;,
  -1.639511;15.922242;-7.922830;,
  -2.759902;15.578102;-7.505643;,
  -1.394281;17.145571;-8.143714;,
  5.029162;21.217194;-4.845764;,
  5.064774;21.265104;-4.759607;,
  5.159003;21.085856;-4.762593;,
  4.976750;21.262163;-4.709756;,
  5.048018;21.261560;-4.608018;,
  5.124931;21.264592;-4.673718;,
  5.129299;21.203818;-4.533924;,
  5.193449;21.215845;-4.611182;,
  5.198765;21.104278;-4.507356;,
  5.252122;21.131883;-4.588795;,
  5.237941;20.989733;-4.535440;,
  5.285127;21.035272;-4.612494;,
  5.283608;20.951854;-4.675892;,
  5.248042;20.903965;-4.762097;,
  5.187904;20.904539;-4.847928;,
  5.119338;20.953259;-4.910423;,
  5.060699;21.037112;-4.932831;,
  5.027691;21.133806;-4.909202;,
  5.236152;20.890845;-4.610556;,
  5.193996;20.834098;-4.712768;,
  5.122729;20.834701;-4.814507;,
  5.041401;20.892490;-4.888632;,
  4.971883;20.991998;-4.915165;,
  4.932798;21.106485;-4.887144;,
  4.934544;21.205387;-4.811930;,
  3.589230;22.549686;-5.485386;,
  3.622970;22.599314;-5.399452;,
  3.752646;22.445973;-5.425679;,
  3.543683;22.574043;-5.341864;,
  3.624176;22.583498;-5.247729;,
  3.690912;22.607293;-5.319981;,
  3.723634;22.541134;-5.186534;,
  3.774782;22.571504;-5.268326;,
  3.815386;22.458181;-5.174719;,
  3.852246;22.501560;-5.258388;,
  3.874957;22.357005;-5.215454;,
  3.902449;22.416218;-5.292755;,
  3.911942;22.338304;-5.362184;,
  3.878237;22.288704;-5.448166;,
  3.810303;22.280789;-5.527578;,
  3.726399;22.316534;-5.579188;,
  3.648986;22.386389;-5.589162;,
  3.598758;22.471811;-5.554854;,
  3.886222;22.264648;-5.297721;,
  3.846269;22.205874;-5.399670;,
  3.765775;22.196418;-5.493808;,
  3.666252;22.238818;-5.555022;,
  3.574462;22.321720;-5.566795;,
  3.514986;22.422867;-5.526138;,
  3.503688;22.515226;-5.443774;,
  -0.004654;4.301171;6.408785;,
  -0.813117;3.081254;6.348278;,
  -0.005328;2.946101;6.179431;,
  -0.298576;4.348534;6.467906;,
  -0.515023;4.483265;6.637180;,
  -1.405852;3.450241;6.811710;,
  -0.594310;4.667220;6.868539;,
  -1.405852;3.450241;6.811710;,
  -1.622893;3.953911;7.445350;,
  -0.515161;4.851012;7.100067;,
  -1.406229;4.457314;8.079285;,
  -0.298814;4.985534;7.269644;,
  -0.813770;4.825542;8.543718;,
  -0.006082;4.959686;8.713803;,
  -0.004929;5.034310;7.331543;,
  -0.003973;3.989989;5.311212;,
  -0.792669;4.121892;5.476063;,
  -0.004339;4.972656;6.545005;,
  -1.370184;4.481415;5.927632;,
  -1.581635;4.972176;6.544934;,
  -1.370551;5.462604;7.162618;,
  -0.793305;5.821397;7.615111;,
  -0.004708;5.952369;7.781178;,
  -0.793305;5.821397;7.615111;,
  -0.004807;5.962085;7.913225;,
  -0.004708;5.952369;7.781178;,
  -0.848170;5.822092;7.735602;,
  -1.370551;5.462604;7.162618;,
  -1.465415;5.438378;7.251748;,
  -1.581635;4.972176;6.544934;,
  -1.691190;4.913904;6.591201;,
  -1.370184;4.481415;5.927632;,
  -1.465022;4.389079;5.931062;,
  -0.792669;4.121892;5.476063;,
  -0.847433;4.004652;5.448150;,
  -0.003973;3.989989;5.311212;,
  -0.004022;3.863538;5.271865;,
  -1.394281;17.145571;-8.143714;,
  -2.759902;15.578102;-7.505643;,
  -3.459307;17.673594;-7.647970;,
  -0.004022;3.863538;5.271865;,
  -0.834181;3.822338;5.622984;,
  -0.847433;4.004652;5.448150;,
  -0.004278;3.683462;5.449502;,
  -0.847433;4.004652;5.448150;,
  -1.441795;4.200584;6.098124;,
  -1.465022;4.389079;5.931062;,
  -0.834181;3.822338;5.622984;,
  -1.465022;4.389079;5.931062;,
  -1.664368;4.716947;6.747665;,
  -1.691190;4.913904;6.591201;,
  -1.441795;4.200584;6.098124;,
  -1.691190;4.913904;6.591201;,
  -1.442182;5.233030;7.397558;,
  -1.465415;5.438378;7.251748;,
  -1.664368;4.716947;6.747665;,
  -1.465415;5.438378;7.251748;,
  -0.834851;5.610554;7.873741;,
  -0.848170;5.822092;7.735602;,
  -1.442182;5.233030;7.397558;,
  -0.848170;5.822092;7.735602;,
  -0.005052;5.748334;8.048482;,
  -0.004807;5.962085;7.913225;,
  -0.834851;5.610554;7.873741;,
  -4.630642;4.347510;4.487220;,
  -0.002901;3.937335;4.643554;,
  -4.211932;3.954899;4.634400;,
  -4.640270;10.749278;2.091253;,
  0.003280;12.248162;1.533132;,
  -3.749330;12.234091;1.536113;,
  -4.082962;11.998968;1.623926;,
  -3.745483;12.448775;2.139120;,
  0.003280;12.248162;1.533132;,
  -3.749330;12.234091;1.536113;,
  0.002895;12.452949;2.148291;,
  -4.617101;10.976558;2.698080;,
  0.001787;10.989929;2.721247;,
  -4.620743;4.575810;5.085135;,
  -0.003252;4.186668;5.242002;,
  -4.208015;4.188882;5.230223;,
  -4.211932;3.954899;4.634400;,
  -4.630642;4.347510;4.487220;,
  -0.002901;3.937335;4.643554;,
  -4.640270;10.749278;2.091253;,
  -4.076396;12.201050;2.240118;,
  -4.082962;11.998968;1.623926;,
  -3.459307;17.673594;-7.647970;,
  -2.759902;15.578102;-7.505643;,
  -3.665554;16.484661;-7.383051;,
  -0.002056;8.487405;6.209917;,
  -0.459677;7.789458;5.630654;,
  -0.001920;7.787686;5.627562;,
  -0.783190;8.474348;6.216391;,
  -1.292012;7.044262;5.823438;,
  -2.232801;7.209703;6.548167;,
  -1.704824;5.946410;5.507256;,
  -2.733570;5.655653;6.355501;,
  -2.422548;4.455433;5.482015;,
  -1.490421;5.327118;4.850373;,
  -0.003299;4.434882;5.447027;,
  -0.002430;5.324856;4.847854;,
  -3.665554;16.484661;-7.383051;,
  -2.759902;15.578102;-7.505643;,
  -3.323719;15.910802;-7.395301;,
  -4.134433;9.954350;5.650040;,
  0.000551;11.832368;4.805437;,
  -4.121597;11.797659;4.800458;,
  -0.000979;9.929769;5.665090;,
  -0.783190;8.474348;6.216391;,
  -0.002056;8.487405;6.209917;,
  -4.135466;8.408875;6.228498;,
  -2.232801;7.209703;6.548167;,
  -4.125073;7.218541;6.532623;,
  -2.733570;5.655653;6.355501;,
  -4.136811;5.653743;6.350895;,
  -4.125940;4.487896;5.543496;,
  -4.461277;4.780883;5.419382;,
  -4.137041;4.297144;5.048340;,
  -4.465995;4.604066;4.933084;,
  -4.461083;5.773493;6.040050;,
  -4.475477;6.416064;4.329455;,
  -4.447234;7.121518;6.238800;,
  -4.464746;8.296250;5.919746;,
  -4.463772;9.837171;5.342683;,
  -4.444257;11.677658;4.514030;,
  -3.918576;12.623764;3.574636;,
  -4.470423;10.906140;2.641877;,
  -4.482157;9.083062;3.332322;,
  -4.483301;7.546015;3.907546;,
  -3.666232;12.659990;3.906362;,
  -3.670368;12.763158;3.421110;,
  0.001647;12.670517;3.882834;,
  0.002053;12.770410;3.418270;,
  -3.674247;12.287479;2.120536;,
  -3.935296;12.099553;2.193762;,
