xof 0303txt 0032
template ColorRGBA {
 <35ff44e0-6c7c-11cf-8f52-0040333594a3>
 FLOAT red;
 FLOAT green;
 FLOAT blue;
 FLOAT alpha;
}

template ColorRGB {
 <d3e16e81-7835-11cf-8f52-0040333594a3>
 FLOAT red;
 FLOAT green;
 FLOAT blue;
}

template Material {
 <3d82ab4d-62da-11cf-ab39-0020af71e433>
 ColorRGBA faceColor;
 FLOAT power;
 ColorRGB specularColor;
 ColorRGB emissiveColor;
 [...]
}

template TextureFilename {
 <a42790e1-7810-11cf-8f52-0040333594a3>
 STRING filename;
}

template Frame {
 <3d82ab46-62da-11cf-ab39-0020af71e433>
 [...]
}

template Matrix4x4 {
 <f6f23f45-7686-11cf-8f52-0040333594a3>
 array FLOAT matrix[16];
}

template FrameTransformMatrix {
 <f6f23f41-7686-11cf-8f52-0040333594a3>
 Matrix4x4 frameMatrix;
}

template Vector {
 <3d82ab5e-62da-11cf-ab39-0020af71e433>
 FLOAT x;
 FLOAT y;
 FLOAT z;
}

template MeshFace {
 <3d82ab5f-62da-11cf-ab39-0020af71e433>
 DWORD nFaceVertexIndices;
 array DWORD faceVertexIndices[nFaceVertexIndices];
}

template Mesh {
 <3d82ab44-62da-11cf-ab39-0020af71e433>
 DWORD nVertices;
 array Vector vertices[nVertices];
 DWORD nFaces;
 array MeshFace faces[nFaces];
 [...]
}

template MeshMaterialList {
 <f6f23f42-7686-11cf-8f52-0040333594a3>
 DWORD nMaterials;
 DWORD nFaceIndexes;
 array DWORD faceIndexes[nFaceIndexes];
 [Material <3d82ab4d-62da-11cf-ab39-0020af71e433>]
}

template VertexElement {
 <f752461c-1e23-48f6-b9f8-8350850f336f>
 DWORD Type;
 DWORD Method;
 DWORD Usage;
 DWORD UsageIndex;
}

template DeclData {
 <bf22e553-292c-4781-9fea-62bd554bdd93>
 DWORD nElements;
 array VertexElement Elements[nElements];
 DWORD nDWords;
 array DWORD data[nDWords];
}

template XSkinMeshHeader {
 <3cf169ce-ff7c-44ab-93c0-f78f62d172e2>
 WORD nMaxSkinWeightsPerVertex;
 WORD nMaxSkinWeightsPerFace;
 WORD nBones;
}

template SkinWeights {
 <6f0d123b-bad2-4167-a0d0-80224f25fabb>
 STRING transformNodeName;
 DWORD nWeights;
 array DWORD vertexIndices[nWeights];
 array FLOAT weights[nWeights];
 Matrix4x4 matrixOffset;
}

template AnimTicksPerSecond {
 <9e415a43-7ba6-4a73-8743-b73d47e88476>
 DWORD AnimTicksPerSecond;
}

template Animation {
 <3d82ab4f-62da-11cf-ab39-0020af71e433>
 [...]
}

template AnimationSet {
 <3d82ab50-62da-11cf-ab39-0020af71e433>
 [Animation <3d82ab4f-62da-11cf-ab39-0020af71e433>]
}

template FloatKeys {
 <10dd46a9-775b-11cf-8f52-0040333594a3>
 DWORD nValues;
 array FLOAT values[nValues];
}

template TimedFloatKeys {
 <f406b180-7b3b-11cf-8f52-0040333594a3>
 DWORD time;
 FloatKeys tfkeys;
}

template AnimationKey {
 <10dd46a8-775b-11cf-8f52-0040333594a3>
 DWORD keyType;
 DWORD nKeys;
 array TimedFloatKeys keys[nKeys];
}


Material Skin01Face_Mat {
 0.588000;0.588000;0.588000;1.000000;;
 10.000000;
 0.000000;0.000000;0.000000;;
 0.000000;0.000000;0.000000;;

 TextureFilename {
  "Face_T_2.tga";
 }
}

Material Skin01Body_Mat {
 0.588000;0.588000;0.588000;1.000000;;
 10.000000;
 0.000000;0.000000;0.000000;;
 0.000000;0.000000;0.000000;;

 TextureFilename {
  "Body_T_3.tga";
 }
}

Frame Root {
 

 FrameTransformMatrix {
  1.000000,0.000000,0.000000,0.000000,0.000000,1.000000,0.000000,0.000000,0.000000,0.000000,1.000000,0.000000,0.000000,0.000000,0.000000,1.000000;;
 }

 Frame Root {
  

  FrameTransformMatrix {
   0.000000,0.000000,-1.000000,0.000000,0.000000,1.000000,0.000000,0.000000,1.000000,0.000000,0.000000,0.000000,0.000000,0.000000,0.000000,1.000000;;
  }

  Frame Bip01 {
   

   FrameTransformMatrix {
    0.998226,0.059532,0.000002,0.000000,-0.059532,0.998226,-0.000000,0.000000,-0.000002,0.000000,1.000000,0.000000,17.213533,1085.11398,-0.000000,1.000000;;
   }

   Frame Bip01-Pelvis {
    

    FrameTransformMatrix {
     -0.011182,0.999143,0.039848,0.000000,-0.150037,-0.041076,0.987827,0.000000,0.988617,0.005067,0.150368,0.000000,0.000000,0.000000,0.000000,1.000000;;
    }

    Frame Bip01-Spine {
     

     FrameTransformMatrix {
      0.995408,-0.052353,0.080140,0.000000,0.039848,0.987826,0.150371,0.000000,-0.087036,-0.146487,0.985376,0.000000,58.684461,0.000095,-7.619658,1.000000;;
     }

     Frame Bip01-Spine1 {
      

      FrameTransformMatrix {
       0.992921,0.019637,-0.117143,0.000000,-0.015452,0.999213,0.036526,0.000000,0.117768,-0.034457,0.992443,0.000000,40.725936,-0.000001,-0.088023,1.000000;;
      }

      Frame Bip01-Spine2 {
       

       FrameTransformMatrix {
        0.996245,0.009197,-0.086093,0.000000,0.008421,0.979334,0.202075,0.000000,0.086172,-0.202041,0.975579,0.000000,110.749210,0.000002,-0.115376,1.000000;;
       }

       Frame Bip01-Neck {
        

        FrameTransformMatrix {
         0.934531,0.000002,0.355881,0.000000,-0.000002,1.000000,-0.000000,0.000000,-0.355881,-0.000000,0.934531,0.000000,160.096973,0.000007,0.052357,1.000000;;
        }

        Frame Bip01-Head {
         

         FrameTransformMatrix {
          0.981613,0.093462,0.166438,0.000000,-0.053563,0.971766,-0.229788,0.000000,-0.183215,0.216648,0.958903,0.000000,119.583130,-0.000010,-0.453110,1.000000;;
         }

         Frame L_Hair_Bone01 {
          

          FrameTransformMatrix {
           0.848789,0.524793,-0.064417,0.000000,-0.193341,0.421460,0.885997,0.000000,0.492114,-0.739570,0.459194,0.000000,121.961216,87.750336,-65.545690,1.000000;;
          }

          Frame L_Hair_Bone02 {
           

           FrameTransformMatrix {
            -0.787272,0.000000,-0.616606,0.000000,0.000000,1.000000,0.000000,0.000000,0.616606,0.000000,-0.787272,0.000000,75.598451,0.000000,0.000000,1.000000;;
           }

           Frame L_Hair_Bone03 {
            

            FrameTransformMatrix {
             0.988800,-0.000000,0.149249,0.000000,0.000000,1.000000,0.000001,0.000000,-0.149249,-0.000001,0.988800,0.000000,216.205824,0.000000,0.000000,1.000000;;
            }

            Frame L_Hair_Bone04 {
             

             FrameTransformMatrix {
              0.721027,0.690521,-0.057455,0.000000,-0.678372,0.686575,-0.261583,0.000000,-0.141181,0.227585,0.963469,0.000000,186.909555,0.000000,-0.000076,1.000000;;
             }

             Frame L_Hair_Bone05 {
              

              FrameTransformMatrix {
               0.924246,0.292501,0.245380,0.000000,-0.291072,0.955738,-0.042924,0.000000,-0.247074,-0.031751,0.968476,0.000000,178.452762,0.000000,0.000229,1.000000;;
              }

              Frame L_Hair_Bone06 {
               

               FrameTransformMatrix {
                0.729991,-0.592034,0.341481,0.000000,0.569130,0.803211,0.175906,0.000000,-0.378424,0.065937,0.923281,0.000000,168.256461,0.000000,0.000076,1.000000;;
               }

               Frame L_Hair_Bone07 {
                

                FrameTransformMatrix {
                 -0.326321,-0.815443,-0.478087,0.000000,0.943251,-0.313861,-0.108488,0.000000,-0.061587,-0.486357,0.871587,0.000000,171.544870,0.000038,-0.000076,1.000000;;
                }

                Frame L_Hair_Bone08 {
                 

                 FrameTransformMatrix {
                  0.443490,-0.360843,-0.820432,0.000000,0.509161,0.854759,-0.100710,0.000000,0.737612,-0.373068,0.562804,0.000000,162.050573,0.000000,0.000076,1.000000;;
                 }

                 Frame L_Hair_Bone09 {
                  

                  FrameTransformMatrix {
                   -0.135753,0.023580,-0.990462,0.000000,0.117290,0.993069,0.007566,0.000000,0.983775,-0.115144,-0.137578,0.000000,126.075059,0.000000,0.000229,1.000000;;
                  }

                  Frame L_Hair_Bone10 {
                   

                   FrameTransformMatrix {
                    0.122570,0.952174,-0.279896,0.000000,-0.985330,0.150494,0.080475,0.000000,0.118749,0.265926,0.956651,0.000000,109.409715,0.000000,0.000000,1.000000;;
                   }

                   Frame L_Hair_Bone11 {
                    

                    FrameTransformMatrix {
                     0.321331,0.262575,0.909836,0.000000,0.484715,0.779778,-0.396230,0.000000,-0.813510,0.568331,0.123293,0.000000,83.851546,0.000076,0.000305,1.000000;;
                    }
                   }
                  }
                 }
                }
               }
              }
             }
            }
           }
          }
         }

         Frame R_Hair_Bone01 {
          

          FrameTransformMatrix {
           0.848789,-0.524794,-0.064415,0.000000,-0.193342,-0.421457,0.885999,0.000000,-0.492114,-0.739571,-0.459192,0.000000,121.960602,-87.597082,-65.545350,1.000000;;
          }

          Frame R_Hair_Bone02 {
           

           FrameTransformMatrix {
            -0.787272,-0.000000,0.616606,0.000000,0.000001,1.000000,0.000001,0.000000,-0.616606,0.000001,-0.787272,0.000000,75.598605,-0.000305,-0.000076,1.000000;;
           }

           Frame R_Hair_Bone03 {
            

            FrameTransformMatrix {
             0.988800,0.000000,-0.149249,0.000000,-0.000000,1.000000,-0.000000,0.000000,0.149249,0.000001,0.988800,0.000000,216.205978,0.000153,-0.000229,1.000000;;
            }

            Frame R_Hair_Bone04 {
             

             FrameTransformMatrix {
              0.721027,0.690521,0.057455,0.000000,-0.678372,0.686576,0.261583,0.000000,0.141181,-0.227585,0.963470,0.000000,186.909632,-0.000153,-0.000076,1.000000;;
             }

             Frame R_Hair_Bone05 {
              

              FrameTransformMatrix {
               0.924247,0.292501,-0.245380,0.000000,-0.291071,0.955738,0.042924,0.000000,0.247074,0.031750,0.968476,0.000000,178.452762,-0.000172,-0.000076,1.000000;;
              }

              Frame R_Hair_Bone06 {
               

               FrameTransformMatrix {
                0.729991,-0.592034,-0.341481,0.000000,0.569130,0.803211,-0.175906,0.000000,0.378424,-0.065937,0.923281,0.000000,168.256461,0.000076,0.000000,1.000000;;
               }

               Frame R_Hair_Bone07 {
                

                FrameTransformMatrix {
                 -0.326321,-0.815444,0.478086,0.000000,0.943251,-0.313861,0.108488,0.000000,0.061587,0.486357,0.871587,0.000000,171.544947,0.000153,0.000076,1.000000;;
                }

                Frame R_Hair_Bone08 {
                 

                 FrameTransformMatrix {
                  0.443490,-0.360843,0.820432,0.000000,0.509161,0.854759,0.100710,0.000000,-0.737612,0.373069,0.562804,0.000000,162.050688,0.000038,0.000000,1.000000;;
                 }

                 Frame R_Hair_Bone09 {
                  

                  FrameTransformMatrix {
                   -0.135753,0.023579,0.990462,0.000000,0.117290,0.993069,-0.007566,0.000000,-0.983776,0.115144,-0.137578,0.000000,126.074906,-0.000076,-0.000267,1.000000;;
                  }

                  Frame R_Hair_Bone10 {
                   

                   FrameTransformMatrix {
                    0.122570,0.952174,0.279896,0.000000,-0.985330,0.150494,-0.080475,0.000000,-0.118749,-0.265926,0.956652,0.000000,109.409728,0.000458,0.000000,1.000000;;
                   }

                   Frame R_Hair_Bone11 {
                    

                    FrameTransformMatrix {
                     0.321330,0.262575,-0.909836,0.000000,0.484714,0.779779,0.396230,0.000000,0.813510,-0.568330,0.123293,0.000000,83.851302,-0.000010,-0.000458,1.000000;;
                    }
                   }
                  }
                 }
                }
               }
              }
             }
            }
           }
          }
         }
        }

        Frame Bip01-L-Clavicle {
         

         FrameTransformMatrix {
          0.215206,0.973038,0.082965,0.000000,0.910836,-0.169353,-0.376426,0.000000,-0.352227,0.156576,-0.922724,0.000000,-1.136780,48.117242,-12.036953,1.000000;;
         }

         Frame Bip01-L-UpperArm {
          

          FrameTransformMatrix {
           0.514055,-0.851982,0.099368,0.000000,0.857581,0.512840,-0.039378,0.000000,-0.017411,0.105458,0.994271,0.000000,71.269491,-0.000305,0.000038,1.000000;;
          }

          Frame Bip01-L-Forearm {
           

           FrameTransformMatrix {
            -0.460170,-0.000000,-0.887831,0.000000,-0.000000,1.000000,0.000000,0.000000,0.887831,0.000000,-0.460170,0.000000,242.697907,0.000000,0.000014,1.000000;;
           }

           Frame Bip01-L-Hand {
            

            FrameTransformMatrix {
             0.928344,-0.156642,-0.337107,0.000000,0.365547,0.220068,0.904403,0.000000,-0.067481,-0.962826,0.261558,0.000000,251.683123,-0.000076,0.000076,1.000000;;
            }

            Frame Bip01-L-Finger0 {
             

             FrameTransformMatrix {
              0.845332,0.095701,0.525600,0.000000,0.490119,0.252585,-0.834257,0.000000,-0.212598,0.962830,0.166613,0.000000,74.954682,-42.466010,39.139174,1.000000;;
             }

             Frame Bip01-L-Finger01 {
              

              FrameTransformMatrix {
               0.284115,-0.000000,0.958790,0.000000,-0.000000,1.000000,0.000000,0.000000,-0.958790,-0.000000,0.284115,0.000000,57.022605,-0.000153,-0.000076,1.000000;;
              }
             }
            }

            Frame Bip01-L-Finger1 {
             

             FrameTransformMatrix {
              0.334992,-0.003080,0.942216,0.000000,-0.120081,0.991701,0.045935,0.000000,-0.934538,-0.128530,0.331842,0.000000,136.202470,-21.718674,0.492554,1.000000;;
             }

             Frame Bip01-L-Finger11 {
              

              FrameTransformMatrix {
               0.092410,-0.000001,0.995721,0.000000,0.000000,1.000000,0.000000,0.000000,-0.995721,0.000000,0.092410,0.000000,44.148560,0.000000,-0.000076,1.000000;;
              }
             }
            }

            Frame Bip01-L-Finger2 {
             

             FrameTransformMatrix {
              0.161132,0.025060,0.986615,0.000000,-0.134545,0.990902,-0.003195,0.000000,-0.977719,-0.132230,0.163038,0.000000,131.226650,33.215677,5.733872,1.000000;;
             }

             Frame Bip01-L-Finger21 {
              

              FrameTransformMatrix {
               0.006194,-0.000000,0.999981,0.000000,0.000000,1.000000,0.000000,0.000000,-0.999981,0.000000,0.006194,0.000000,44.818803,0.000000,0.000076,1.000000;;
              }
             }
            }
           }
          }

          Frame LU_Twist {
           

           FrameTransformMatrix {
            1.000000,-0.000001,0.000001,0.000000,0.000001,0.990753,0.135677,0.000000,-0.000001,-0.135677,0.990753,0.000000,0.000000,0.000076,-0.000005,1.000000;;
           }
          }
         }
        }

        Frame Bip01-R-Clavicle {
         

         FrameTransformMatrix {
          -0.039210,-0.913076,-0.405899,0.000000,-0.944023,-0.099304,0.314580,0.000000,-0.327543,0.395513,-0.858071,0.000000,-1.136780,-48.117325,-12.036686,1.000000;;
         }

         Frame Bip01-R-UpperArm {
          

          FrameTransformMatrix {
           0.457485,0.887381,0.057129,0.000000,-0.776499,0.367362,0.511952,0.000000,0.433309,-0.278571,0.857113,0.000000,71.269523,0.000000,0.000057,1.000000;;
          }

          Frame Bip01-R-Forearm {
           

           FrameTransformMatrix {
            -0.186963,-0.000000,-0.982367,0.000000,-0.000000,1.000000,0.000000,0.000000,0.982367,0.000000,-0.186963,0.000000,242.697907,0.000076,0.000019,1.000000;;
           }

           Frame Bip01-R-Hand {
            

            FrameTransformMatrix {
             0.956882,0.022308,-0.289619,0.000000,-0.259421,-0.382926,-0.886605,0.000000,-0.130682,0.923510,-0.360628,0.000000,251.683123,0.000000,-0.000076,1.000000;;
            }

            Frame Bip01-R-Finger0 {
             

             FrameTransformMatrix {
              0.846725,0.043168,0.530276,0.000000,-0.531933,0.087788,0.842224,0.000000,-0.010195,-0.995203,0.097295,0.000000,74.954605,42.466048,39.139098,1.000000;;
             }

             Frame Bip01-R-Finger01 {
              

              FrameTransformMatrix {
               0.292304,-0.000001,0.956326,0.000000,-0.000004,1.000000,0.000002,0.000000,-0.956326,-0.000005,0.292304,0.000000,57.022630,0.000038,-0.000076,1.000000;;
              }
             }
            }

            Frame Bip01-R-Finger1 {
             

             FrameTransformMatrix {
              0.317014,0.174722,0.932188,0.000000,0.000087,0.982879,-0.184253,0.000000,-0.948421,0.058492,0.311571,0.000000,136.202470,21.718750,0.492477,1.000000;;
             }

             Frame Bip01-R-Finger11 {
              

              FrameTransformMatrix {
               0.074809,-0.000003,0.997198,0.000000,-0.000001,1.000000,0.000003,0.000000,-0.997198,-0.000001,0.074809,0.000000,44.148464,0.000000,0.000000,1.000000;;
              }
             }
            }

            Frame Bip01-R-Finger2 {
             

             FrameTransformMatrix {
              0.220761,0.100232,0.970164,0.000000,0.076106,0.989902,-0.119589,0.000000,-0.972354,0.100236,0.210904,0.000000,131.226534,-33.215789,5.733795,1.000000;;
             }

             Frame Bip01-R-Finger21 {
              

              FrameTransformMatrix {
               0.096298,-0.000004,0.995352,0.000000,-0.000000,1.000000,0.000004,0.000000,-0.995352,-0.000000,0.096298,0.000000,44.818730,0.000076,0.000038,1.000000;;
              }
             }
            }
           }
          }

          Frame RU_Twist {
           

           FrameTransformMatrix {
            1.000000,-0.000002,-0.000005,0.000000,-0.000002,0.825570,-0.564299,0.000000,0.000005,0.564299,0.825570,0.000000,0.000076,0.000153,0.000038,1.000000;;
           }
          }
         }
        }
       }
      }
     }
    }

    Frame Bip01-L-Thigh {
     

     FrameTransformMatrix {
      -0.940796,0.097258,-0.324722,0.000000,-0.064218,-0.991745,-0.110985,0.000000,-0.332836,-0.083561,0.939275,0.000000,0.000000,86.621946,0.000172,1.000000;;
     }

     Frame Bip01-L-Calf {
      

      FrameTransformMatrix {
       0.789971,-0.000000,-0.613144,0.000000,0.000000,1.000000,-0.000000,0.000000,0.613144,-0.000000,0.789971,0.000000,486.29747,-0.000038,0.000019,1.000000;;
      }

      Frame Bip01-L-Foot {
       

       FrameTransformMatrix {
        0.975194,0.033635,-0.218783,0.000000,-0.053351,0.994965,-0.084843,0.000000,0.214827,0.094411,0.972078,0.000000,408.112486,0.000029,-0.000114,1.000000;;
       }

       Frame Bip01-L-Toe0 {
        

        FrameTransformMatrix {
         0.189932,0.000002,0.981798,0.000000,-0.000001,1.000000,-0.000002,0.000000,-0.981798,-0.000000,0.189932,0.000000,202.932928,-0.000014,94.617427,1.000000;;
        }
       }
      }
     }
    }

    Frame Bip01-R-Thigh {
     

     FrameTransformMatrix {
      -0.904821,-0.017202,0.425444,0.000000,-0.093987,-0.966469,-0.238966,0.000000,0.415289,-0.256208,0.872865,0.000000,0.000153,-86.621939,-0.000067,1.000000;;
     }

     Frame Bip01-R-Calf {
      

      FrameTransformMatrix {
       0.918197,0.000000,-0.396125,0.000000,-0.000000,1.000000,0.000000,0.000000,0.396125,0.000000,0.918197,0.000000,486.29744,0.000014,0.000038,1.000000;;
      }

      Frame Bip01-R-Foot {
       

       FrameTransformMatrix {
        0.950238,-0.026464,-0.310399,0.000000,0.022523,0.999614,-0.016273,0.000000,0.310710,0.008472,0.950467,0.000000,408.112486,0.000062,0.000038,1.000000;;
       }

       Frame Bip01-R-Toe0 {
        

        FrameTransformMatrix {
         -0.000000,0.000001,1.000000,0.000000,-0.000002,1.000000,-0.000001,0.000000,-1.000000,-0.000002,-0.000000,0.000000,202.932928,-0.000010,94.617427,1.000000;;
        }
       }
      }
     }
    }

    Frame SK_LF {
     

     FrameTransformMatrix {
      -0.663846,0.405356,0.628487,0.000000,-0.163173,-0.898629,0.407237,0.000000,0.729852,0.167790,0.662693,0.000000,30.187302,78.221965,92.200966,1.000000;;
     }
    }

    Frame Sk_L {
     

     FrameTransformMatrix {
      -0.512132,0.857931,-0.040924,0.000000,0.068591,0.088346,0.993726,0.000000,0.856163,0.506112,-0.104091,0.000000,60.384979,129.667802,-1.058559,1.000000;;
     }
    }

    Frame SK_LB {
     

     FrameTransformMatrix {
      -0.473287,0.412559,-0.778329,0.000000,-0.053945,-0.895468,-0.441846,0.000000,-0.879255,-0.167132,0.446068,0.000000,63.816986,56.038515,-78.224813,1.000000;;
     }
    }

    Frame SK_RB {
     

     FrameTransformMatrix {
      -0.406453,-0.403556,-0.819718,0.000000,0.082750,-0.909742,0.406844,0.000000,-0.909917,0.097531,0.403162,0.000000,68.836595,-64.048371,-74.636422,1.000000;;
     }
    }

    Frame Sk_R {
     

     FrameTransformMatrix {
      -0.421940,-0.905087,-0.052775,0.000000,0.085579,-0.097711,0.991529,0.000000,-0.902576,0.413849,0.118684,0.000000,59.686509,-133.340838,-0.571613,1.000000;;
     }
    }

    Frame SK_RF {
     

     FrameTransformMatrix {
      -0.604675,-0.372924,0.703772,0.000000,0.233751,-0.927792,-0.290794,0.000000,0.761399,-0.011329,0.648185,0.000000,19.390794,-72.366336,114.760282,1.000000;;
     }
    }
   }
  }
 }

 Frame FRehiney_Skm {
  

  FrameTransformMatrix {
   1.000000,0.000000,0.000000,0.000000,0.000000,1.000000,0.000000,0.000000,0.000000,0.000000,1.000000,0.000000,0.000000,0.000000,0.000000,1.000000;;
  }

  Mesh FRehiney_Skm {
   7363;
   -302.901530;988.52109;281.357542;,
   -307.866342;977.01325;282.424397;,
   -345.278694;1000.09267;282.576794;,
   -41.157229;1714.71539;-52.154816;,
   -18.061893;1739.82208;-37.571334;,
   -17.388754;1722.66010;-63.087949;,
   -42.635789;1731.08288;-30.665344;,
   -55.557120;1702.35174;-41.144973;,
   -42.635789;1731.08288;-30.665344;,
   -41.157229;1714.71539;-52.154816;,
   -56.788192;1717.89261;-23.470672;,
   -69.789152;1699.35066;-15.548134;,
   -68.575187;1685.72045;-30.940467;,
   -65.241427;1671.71162;-43.300723;,
   -68.575187;1685.72045;-30.940467;,
   -54.774752;1687.43757;-55.636083;,
   -41.157229;1714.71539;-52.154816;,
   -41.033501;1698.65216;-66.339693;,
   -17.388754;1722.66010;-63.087949;,
   -41.157229;1714.71539;-52.154816;,
   -17.745883;1704.56550;-77.385248;,
   -30.690531;1688.85440;-81.155539;,
   -41.672554;1688.63962;-72.157120;,
   -31.687728;1674.64090;-84.108294;,
   -42.207142;1674.87578;-75.713990;,
   -42.576707;1664.80461;-76.402899;,
   -53.779885;1663.02387;-65.414093;,
   -52.433898;1654.00614;-66.875699;,
   -59.569478;1651.12614;-55.062579;,
   -61.996838;1659.07494;-51.413376;,
   -31.954541;1663.38842;-84.625811;,
   -42.368653;1655.71098;-76.412621;,
   -32.138550;1654.33331;-83.393184;,
   -22.054930;1651.76896;-87.668390;,
   -21.453110;1660.86938;-89.769030;,
   -20.006514;1672.56934;-89.805293;,
   -18.991195;1689.06918;-86.678810;,
   -8.559302;1688.82624;-89.151987;,
   -9.185305;1667.62112;-93.117568;,
   -10.365209;1650.35226;-92.107322;,
   -14.472446;1644.55206;-88.388550;,
   -4.144772;1633.51322;-87.645920;,
   -8.317786;1632.59443;-83.547238;,
   -42.310467;1646.64422;-75.645971;,
   -31.902739;1646.26650;-80.691066;,
   -23.120859;1643.87494;-82.663910;,
   -16.728526;1638.80294;-82.307290;,
   -11.040622;1631.26349;-79.533318;,
   -18.316858;1634.48077;-77.591104;,
   -14.124293;1628.32128;-75.997069;,
   -19.825664;1632.16973;-74.560256;,
   -24.113686;1640.03226;-78.813472;,
   -22.344886;1629.87763;-70.667770;,
   -18.617286;1624.92314;-70.807494;,
   -19.868726;1624.82048;-68.836653;,
   -21.399533;1630.47501;-72.673235;,
   -25.047112;1637.09427;-75.712339;,
   -31.911011;1642.59648;-77.984160;,
   -41.818598;1642.49536;-74.329843;,
   -26.581354;1633.72429;-72.366803;,
   -25.733432;1634.59955;-74.195552;,
   -32.207062;1639.90874;-75.820582;,
   -41.216890;1640.07718;-72.685920;,
   -49.883923;1640.54682;-67.512083;,
   -50.838454;1645.35091;-67.483053;,
   -32.668208;1637.00672;-74.760275;,
   -40.678710;1637.05830;-71.944128;,
   -47.358224;1635.63955;-67.141069;,
   -48.724541;1638.40282;-67.034291;,
   -51.367718;1633.73158;-61.461440;,
   -52.972381;1636.18214;-60.086317;,
   -53.851866;1632.13043;-57.415456;,
   -55.546195;1633.55328;-55.320870;,
   -47.358224;1635.63955;-67.141069;,
   -50.047821;1632.90624;-61.379149;,
   -52.335811;1631.78931;-57.606816;,
   -57.173133;1630.95475;-52.251962;,
   -54.000480;1631.02426;-56.858816;,
   -52.440944;1630.96896;-57.266042;,
   -33.202714;1630.35533;-46.264266;,
   -46.608710;1634.36646;-66.922778;,
   -40.415277;1635.68998;-71.416922;,
   -32.916054;1635.71315;-73.321946;,
   -16.701920;1625.28934;-72.906182;,
   -16.417074;1620.32909;-71.570387;,
   -18.470046;1620.94170;-69.700538;,
   -19.561310;1621.44819;-68.033210;,
   -5.864346;1604.54349;-81.748128;,
   -9.834746;1609.77984;-76.406106;,
   -6.567290;1611.57133;-80.230822;,
   -8.301494;1621.54803;-79.116243;,
   -12.091546;1619.22163;-74.748218;,
   -16.480382;1614.24858;-73.001664;,
   -14.773464;1607.63059;-74.211546;,
   -17.843312;1617.56173;-70.787955;,
   -18.470046;1620.94170;-69.700538;,
   -19.221027;1619.96339;-69.525958;,
   -20.046422;1620.88320;-67.986304;,
   -23.710126;1620.78387;-68.338138;,
   -33.202714;1630.35533;-46.264266;,
   -31.115731;1618.14912;-69.546701;,
   -19.561310;1621.44819;-68.033210;,
   -19.561310;1621.44819;-68.033210;,
   -39.133616;1617.27603;-67.352294;,
   -45.366736;1619.62778;-64.065638;,
   -46.365731;1617.74592;-64.234650;,
   -49.552109;1623.85472;-60.430746;,
   -51.572109;1627.99757;-58.071904;,
   -52.440944;1630.96896;-57.266042;,
   -54.000480;1631.02426;-56.858816;,
   -53.028352;1627.53613;-57.670586;,
   -57.173133;1630.95475;-52.251962;,
   -55.623091;1625.44013;-53.317318;,
   -50.530883;1622.22643;-60.206138;,
   -52.062816;1618.44864;-57.395411;,
   -54.513037;1612.03072;-52.949075;,
   -54.267270;1637.85792;-59.650458;,
   -56.416454;1642.75866;-58.362118;,
   -56.528890;1634.68557;-54.300070;,
   -59.826509;1638.32819;-50.103322;,
   -60.928493;1631.75104;-44.615968;,
   -59.123910;1621.12845;-46.381654;,
   -55.420282;1601.82067;-48.305530;,
   -64.634368;1633.68192;-33.992454;,
   -62.152858;1614.46797;-34.491914;,
   -64.395974;1645.14726;-42.580902;,
   -69.293222;1653.83258;-32.548733;,
   -68.020083;1636.10470;-22.620678;,
   -63.820781;1617.20358;-19.557094;,
   -65.580083;1620.36749;-6.488099;,
   -70.502157;1638.31002;-10.873370;,
   -74.051558;1663.81286;-19.351987;,
   -65.241427;1671.71162;-43.300723;,
   -68.575187;1685.72045;-30.940467;,
   -68.931226;1627.08595;-0.295992;,
   -72.136678;1639.25606;-1.855593;,
   -75.847002;1671.59168;-7.161002;,
   -53.813261;1591.26208;-46.032189;,
   -51.916090;1583.57914;-29.935914;,
   -57.545882;1596.62118;-32.384003;,
   -59.881024;1601.91923;-18.058005;,
   -61.023539;1603.71584;-5.272379;,
   -61.104282;1603.62970;2.098842;,
   -64.066893;1610.87718;1.878955;,
   -42.163734;1569.89632;-41.076362;,
   -46.133418;1573.40314;-27.577462;,
   -49.837107;1579.15264;-18.493490;,
   -46.913434;1575.15942;-11.171546;,
   -38.604768;1565.29728;-23.399144;,
   -32.069469;1559.44154;-36.401638;,
   -33.239750;1562.00333;-50.011168;,
   -23.620640;1553.74579;-48.613414;,
   -53.890496;1587.16928;-17.180427;,
   -30.543750;1559.99680;-19.938522;,
   -23.479632;1553.35910;-30.418800;,
   -42.052461;1570.97370;-5.426398;,
   -54.638022;1588.75379;-5.143523;,
   -53.621382;1588.98982;2.182560;,
   -47.552003;1588.76659;6.328025;,
   -38.954122;1572.88474;3.055918;,
   -32.381366;1564.04045;-3.929417;,
   -22.683034;1555.48224;-14.522061;,
   -10.982598;1548.23654;-26.494210;,
   -19.540430;1550.15334;-36.764733;,
   -53.490653;1599.78573;9.303346;,
   17.386832;1545.55955;-45.226989;,
   11.619702;1548.29645;-27.565261;,
   9.441362;1543.63149;-39.478003;,
   1.018745;1543.51667;-38.428006;,
   0.247758;1547.45421;-28.682675;,
   -7.443758;1543.60960;-39.086909;,
   -13.316386;1545.55635;-45.170230;,
   -14.345584;1552.02509;-60.448378;,
   -14.767018;1548.27635;-54.976557;,
   -4.797121;1540.42829;-55.038067;,
   -5.362122;1548.23245;-64.673357;,
   -13.331116;1555.67488;-63.135194;,
   -5.251022;1552.67354;-66.404109;,
   -11.315542;1560.58214;-66.261843;,
   2.136513;1542.58637;-63.927987;,
   -5.201460;1544.13427;-61.567955;,
   2.136510;1547.36499;-66.444685;,
   9.635144;1548.23245;-64.673376;,
   9.474486;1544.13427;-61.567962;,
   19.040046;1548.27648;-54.976576;,
   8.835594;1540.42970;-55.063283;,
   2.136513;1542.58637;-63.927987;,
   2.015816;1539.02899;-57.219565;,
   -5.201460;1544.13427;-61.567955;,
   18.618605;1552.02509;-60.448397;,
   27.893667;1553.74579;-48.613434;,
   23.637947;1550.15795;-36.844550;,
   27.597792;1553.36435;-30.513229;,
   24.268902;1555.60666;-16.746963;,
   34.695005;1560.00358;-20.059130;,
   36.342499;1559.44154;-36.401674;,
   42.877808;1565.29728;-23.399186;,
   46.436758;1569.89645;-41.076413;,
   37.512768;1562.00333;-50.011206;,
   51.186477;1575.15942;-11.171594;,
   50.406451;1573.40314;-27.577510;,
   54.110150;1579.15264;-18.493542;,
   46.248208;1570.98291;-5.589643;,
   34.774682;1564.21798;-7.111721;,
   41.827050;1573.09837;-0.772034;,
   51.825046;1588.76659;6.327972;,
   56.189114;1583.57914;-29.935971;,
   58.163526;1587.16928;-17.180485;,
   58.911059;1588.75379;-5.143576;,
   57.894426;1588.98995;2.182505;,
   57.763693;1599.78573;9.303289;,
   65.377306;1603.62982;2.098780;,
   78.324525;1663.81286;-19.352064;,
   76.409677;1639.25632;-1.855664;,
   74.775149;1638.31027;-10.873446;,
   73.204230;1627.08608;-0.296063;,
   69.853088;1620.36749;-6.488166;,
   68.339910;1610.87718;1.878891;,
   65.296563;1603.71597;-5.272441;,
   64.154048;1601.91949;-18.058067;,
   61.818893;1596.62118;-32.384064;,
   73.566195;1653.83270;-32.548806;,
   72.293062;1636.10483;-22.620750;,
   68.093779;1617.20358;-19.557162;,
   66.425843;1614.46822;-34.491974;,
   58.086266;1591.26208;-46.032250;,
   68.907347;1633.68192;-33.992518;,
   68.668947;1645.14726;-42.580966;,
   66.269786;1659.07520;-51.413430;,
   63.842426;1651.12614;-55.062637;,
   58.052813;1663.02387;-65.414157;,
   56.706842;1654.00614;-66.875763;,
   46.849632;1664.80474;-76.402957;,
   46.641578;1655.71098;-76.412666;,
   47.713952;1578.77299;-55.357645;,
   40.103754;1590.15002;-65.296397;,
   51.404285;1588.84416;-57.152563;,
   59.693280;1601.82080;-48.305587;,
   63.396896;1621.12858;-46.381715;,
   65.201459;1631.75104;-44.616032;,
   64.099462;1638.32819;-50.103386;,
   61.446099;1630.95475;-52.252013;,
   59.896051;1625.44013;-53.317376;,
   58.786029;1612.03072;-52.949136;,
   53.211098;1598.40358;-58.255571;,
   42.742736;1598.54566;-65.376781;,
   30.645539;1602.20429;-70.670400;,
   15.313565;1631.26349;-79.533318;,
   16.364502;1619.22163;-74.748224;,
   12.574446;1621.54803;-79.116256;,
   14.107710;1609.77984;-76.406112;,
   20.753346;1614.24858;-73.001677;,
   19.046430;1607.63059;-74.211571;,
   32.806083;1608.21389;-69.765811;,
   43.582272;1605.44205;-65.045248;,
   52.662483;1607.10426;-59.226829;,
   43.406582;1617.27603;-67.352333;,
   50.638694;1617.74605;-64.234701;,
   43.816560;1615.55674;-67.460032;,
   51.610726;1613.44653;-61.199674;,
   56.335795;1618.44877;-57.395469;,
   43.697760;1611.11462;-64.720870;,
   34.064288;1612.58483;-68.033280;,
   26.487552;1616.14131;-69.929670;,
   35.133110;1616.55053;-69.897875;,
   27.473968;1619.50272;-69.391398;,
   22.116272;1617.56173;-70.787974;,
   23.493989;1619.96352;-69.525978;,
   27.983088;1620.78387;-68.338163;,
   35.388694;1618.14925;-69.546733;,
   20.690030;1620.32909;-71.570406;,
   22.743008;1620.94170;-69.700557;,
   24.319384;1620.88333;-67.986330;,
   37.475680;1630.35533;-46.264304;,
   23.834267;1621.44832;-68.033229;,
   23.834267;1621.44832;-68.033229;,
   49.639702;1619.62778;-64.065696;,
   53.825082;1623.85472;-60.430784;,
   54.803853;1622.22643;-60.206182;,
   57.301318;1627.53613;-57.670637;,
   55.845075;1627.99757;-58.071968;,
   56.713907;1630.96909;-57.266099;,
   58.273446;1631.02426;-56.858874;,
   59.819162;1633.55341;-55.320928;,
   60.801856;1634.68570;-54.300128;,
   58.540230;1637.85792;-59.650515;,
   57.245338;1636.18227;-60.086374;,
   52.997491;1638.40282;-67.034330;,
   54.156870;1640.54682;-67.512122;,
   45.489837;1640.07718;-72.685958;,
   36.183952;1642.59648;-77.984198;,
   36.480000;1639.90899;-75.820621;,
   46.091546;1642.49536;-74.329894;,
   46.583411;1646.64422;-75.646016;,
   55.111405;1645.35091;-67.483104;,
   60.689408;1642.75878;-58.362176;,
   36.411472;1654.33331;-83.393216;,
   36.175667;1646.26650;-80.691104;,
   26.327848;1651.76896;-87.668429;,
   27.393789;1643.87494;-82.663923;,
   18.745373;1644.55206;-88.388563;,
   8.417707;1633.51322;-87.645933;,
   12.590727;1632.59443;-83.547238;,
   14.638128;1650.35226;-92.107328;,
   36.227456;1663.38842;-84.625850;,
   25.726018;1660.86938;-89.769050;,
   13.458210;1667.62112;-93.117587;,
   24.279413;1672.56934;-89.805306;,
   12.832191;1688.82624;-89.151994;,
   23.264091;1689.06918;-86.678835;,
   22.018768;1704.56550;-77.385261;,
   35.960634;1674.64090;-84.108339;,
   46.480061;1674.87578;-75.714035;,
   58.509619;1673.74886;-62.906656;,
   45.945466;1688.63962;-72.157165;,
   34.963424;1688.85440;-81.155558;,
   45.306400;1698.65229;-66.339731;,
   59.047667;1687.43770;-55.636141;,
   69.514362;1671.71187;-43.300790;,
   80.119974;1671.59168;-7.161083;,
   72.848122;1685.72070;-30.940538;,
   74.062093;1699.35078;-15.548205;,
   45.430131;1714.71539;-52.154854;,
   59.047667;1687.43770;-55.636141;,
   59.830035;1702.35174;-41.145027;,
   69.514362;1671.71187;-43.300790;,
   72.848122;1685.72070;-30.940538;,
   61.061101;1717.89286;-23.470730;,
   46.908688;1731.08288;-30.665389;,
   22.334778;1739.82208;-37.571354;,
   21.661635;1722.66010;-63.087968;,
   21.661635;1722.66010;-63.087968;,
   45.430131;1714.71539;-52.154854;,
   2.136441;1705.07930;-82.168691;,
   2.136438;1724.67942;-67.855622;,
   22.334778;1739.82208;-37.571354;,
   2.136440;1742.93568;-41.865914;,
   -18.061893;1739.82208;-37.571334;,
   2.136474;1614.91571;-91.273984;,
   -1.724084;1624.64845;-86.594323;,
   2.136471;1624.97549;-87.754163;,
   -0.535154;1614.52045;-90.224122;,
   -4.859612;1623.61318;-83.236422;,
   -3.638381;1613.21702;-85.864851;,
   -6.567290;1611.57133;-80.230822;,
   -8.301494;1621.54803;-79.116243;,
   -8.317786;1632.59443;-83.547238;,
   -4.144772;1633.51322;-87.645920;,
   2.136467;1633.52896;-88.454496;,
   5.997028;1624.64845;-86.594323;,
   4.808104;1614.52045;-90.224122;,
   12.574446;1621.54803;-79.116256;,
   12.590727;1632.59443;-83.547238;,
   9.132558;1623.61318;-83.236422;,
   10.840250;1611.57133;-80.230835;,
   7.911334;1613.21702;-85.864858;,
   4.808104;1614.52045;-90.224122;,
   8.417707;1633.51322;-87.645933;,
   2.136459;1650.08973;-92.922662;,
   12.832191;1688.82624;-89.151994;,
   2.136452;1667.42042;-93.703219;,
   2.136445;1688.86182;-90.302829;,
   13.458210;1667.62112;-93.117587;,
   14.638128;1650.35226;-92.107328;,
   -10.365209;1650.35226;-92.107322;,
   -9.185305;1667.62112;-93.117568;,
   -8.559302;1688.82624;-89.151987;,
   2.136441;1705.07930;-82.168691;,
   22.018768;1704.56550;-77.385261;,
   -17.745883;1704.56550;-77.385248;,
   -61.890650;1612.03610;14.071176;,
   -53.490653;1599.78573;9.303346;,
   -65.613862;1621.92947;21.271091;,
   -60.726182;1605.49811;10.026234;,
   -53.490653;1599.78573;9.303346;,
   -62.159520;1606.98304;6.542573;,
   -61.104282;1603.62970;2.098842;,
   -60.726182;1605.49811;10.026234;,
   -64.635699;1606.12698;15.297787;,
   -69.001318;1612.30733;21.475434;,
   -75.431718;1621.76640;24.296898;,
   -77.940262;1622.57178;22.097592;,
   -83.289978;1635.59501;25.262192;,
   -86.117216;1635.51910;23.292088;,
   -87.076493;1648.78515;20.136872;,
   -74.141498;1642.61952;11.183985;,
   -84.981613;1652.55181;8.798664;,
   -71.322330;1634.99955;20.953235;,
   -65.613862;1621.92947;21.271091;,
   -74.141498;1642.61952;11.183985;,
   -77.039706;1646.29990;-0.014448;,
   -74.141498;1642.61952;11.183985;,
   -72.136678;1639.25606;-1.855593;,
   -89.769933;1646.64000;18.649138;,
   -88.409101;1649.77510;9.039631;,
   -80.496557;1644.28851;1.134224;,
   -73.603610;1636.70118;-0.030255;,
   -68.931226;1627.08595;-0.295992;,
   -76.815392;1629.55149;10.734760;,
   -64.066893;1610.87718;1.878955;,
   -66.644640;1610.08883;12.363305;,
   -64.066893;1610.87718;1.878955;,
   -61.104282;1603.62970;2.098842;,
   -66.644640;1610.08883;12.363305;,
   -71.800198;1614.23565;18.754726;,
   -76.815392;1629.55149;10.734760;,
   -69.293222;1653.83258;-32.548733;,
   -54.236691;1673.74886;-62.906598;,
   -54.774752;1687.43757;-55.636083;,
   -2.390819;1576.83738;-83.380666;,
   2.136494;1573.65709;-81.951398;,
   -2.094855;1574.11942;-81.406899;,
   2.136492;1576.14912;-83.797216;,
   6.663804;1576.83738;-83.380666;,
   6.367843;1574.11942;-81.406899;,
   2.136496;1571.59014;-78.504173;,
   6.367843;1574.11942;-81.406899;,
   5.871076;1572.07053;-78.441530;,
   -2.094855;1574.11942;-81.406899;,
   -1.598084;1572.07053;-78.441530;,
   -14.138331;1569.93062;-67.653562;,
   -14.048619;1570.02906;-67.641683;,
   -14.046712;1570.02266;-67.645965;,
   6.663804;1576.83738;-83.380666;,
   2.136491;1581.43680;-82.549677;,
   5.823118;1582.12211;-81.775136;,
   2.136492;1576.14912;-83.797216;,
   -2.390819;1576.83738;-83.380666;,
   -1.550137;1582.12211;-81.775136;,
   7.043212;1589.60870;-85.153811;,
   7.575797;1588.79104;-83.195341;,
   4.657264;1586.91354;-86.736077;,
   5.093050;1588.18368;-89.998976;,
   2.136487;1586.10099;-87.345741;,
   4.957364;1585.81709;-84.353171;,
   2.136488;1584.86963;-84.889101;,
   2.136491;1581.43680;-82.549677;,
   -0.684387;1585.81709;-84.353171;,
   -0.384290;1586.91354;-86.736077;,
   -2.094855;1574.11942;-81.406899;,
   -7.481284;1574.82470;-79.166611;,
   -2.390819;1576.83738;-83.380666;,
   -8.398990;1582.27981;-78.052742;,
   -3.772531;1587.76678;-82.735667;,
   -3.302822;1588.79104;-83.195334;,
   -2.770238;1589.60870;-85.153798;,
   -0.820080;1588.18368;-89.998976;,
   -5.337112;1589.17798;-82.728915;,
   -6.953815;1590.65382;-84.949466;,
   -7.103054;1588.89357;-79.684781;,
   -10.960460;1589.42246;-75.264941;,
   -13.863562;1578.64205;-73.337069;,
   -17.394197;1584.05350;-72.067482;,
   -23.804123;1577.93766;-67.602317;,
   -20.538589;1589.57466;-71.250758;,
   -31.426595;1581.29907;-65.602125;,
   -23.407093;1595.72493;-70.899475;,
   -10.542989;1573.18182;-75.128218;,
   -18.077800;1574.90906;-69.245766;,
   -9.645078;1571.95968;-74.357498;,
   -13.523301;1571.61574;-70.736173;,
   -19.633024;1570.72000;-66.585395;,
   -25.716925;1570.22387;-63.421152;,
   -32.006154;1569.03002;-59.574797;,
   -43.440938;1578.77274;-55.357600;,
   -15.709698;1570.49293;-68.480787;,
   -18.713478;1568.01408;-65.215117;,
   -24.089162;1565.39507;-61.205222;,
   -28.820755;1562.58931;-56.422496;,
   -38.148774;1568.92480;-52.557456;,
   -49.019706;1579.96032;-43.711555;,
   -20.322704;1560.08934;-61.174861;,
   -23.330086;1557.30458;-55.748627;,
   -16.839146;1564.50445;-65.043546;,
   -13.891195;1567.52794;-67.254707;,
   -15.344872;1569.37485;-67.230682;,
   -14.276499;1569.70342;-67.815520;,
   -14.383893;1570.33715;-68.182368;,
   -14.164056;1570.13978;-67.678381;,
   -9.351102;1569.10746;-72.561005;,
   -12.769928;1568.92390;-68.294438;,
   -12.199560;1569.78278;-69.045286;,
   -8.529602;1570.47654;-72.406419;,
   -6.281505;1568.61440;-75.576966;,
   -11.938120;1570.23616;-69.023072;,
   -14.138331;1569.93062;-67.653562;,
   -4.719674;1570.99866;-75.317683;,
   -1.126987;1570.68352;-77.486944;,
   -5.082090;1570.79027;-75.701478;,
   -8.324806;1570.66893;-72.218842;,
   -11.871101;1570.40717;-68.547942;,
   -14.138331;1569.93062;-67.653562;,
   -14.046712;1570.02266;-67.645965;,
   -0.776306;1570.96384;-75.516576;,
   2.136497;1570.78835;-76.081037;,
   2.136497;1570.49178;-77.738106;,
   5.399980;1570.68352;-77.486944;,
   2.136498;1567.85344;-78.505363;,
   -2.109633;1568.05171;-78.143315;,
   8.992669;1570.99866;-75.317696;,
   5.049301;1570.96384;-75.516576;,
   16.144101;1570.40717;-68.547955;,
   12.802600;1570.47654;-72.406426;,
   12.597803;1570.66893;-72.218848;,
   9.355085;1570.79027;-75.701491;,
   6.382628;1568.05171;-78.143315;,
   2.136500;1563.55853;-77.340896;,
