xof 0303txt 0032
template ColorRGBA {
 <35ff44e0-6c7c-11cf-8f52-0040333594a3>
 FLOAT red;
 FLOAT green;
 FLOAT blue;
 FLOAT alpha;
}

template ColorRGB {
 <d3e16e81-7835-11cf-8f52-0040333594a3>
 FLOAT red;
 FLOAT green;
 FLOAT blue;
}

template Material {
 <3d82ab4d-62da-11cf-ab39-0020af71e433>
 ColorRGBA faceColor;
 FLOAT power;
 ColorRGB specularColor;
 ColorRGB emissiveColor;
 [...]
}

template TextureFilename {
 <a42790e1-7810-11cf-8f52-0040333594a3>
 STRING filename;
}

template Frame {
 <3d82ab46-62da-11cf-ab39-0020af71e433>
 [...]
}

template Matrix4x4 {
 <f6f23f45-7686-11cf-8f52-0040333594a3>
 array FLOAT matrix[16];
}

template FrameTransformMatrix {
 <f6f23f41-7686-11cf-8f52-0040333594a3>
 Matrix4x4 frameMatrix;
}

template Vector {
 <3d82ab5e-62da-11cf-ab39-0020af71e433>
 FLOAT x;
 FLOAT y;
 FLOAT z;
}

template MeshFace {
 <3d82ab5f-62da-11cf-ab39-0020af71e433>
 DWORD nFaceVertexIndices;
 array DWORD faceVertexIndices[nFaceVertexIndices];
}

template Mesh {
 <3d82ab44-62da-11cf-ab39-0020af71e433>
 DWORD nVertices;
 array Vector vertices[nVertices];
 DWORD nFaces;
 array MeshFace faces[nFaces];
 [...]
}

template MeshMaterialList {
 <f6f23f42-7686-11cf-8f52-0040333594a3>
 DWORD nMaterials;
 DWORD nFaceIndexes;
 array DWORD faceIndexes[nFaceIndexes];
 [Material <3d82ab4d-62da-11cf-ab39-0020af71e433>]
}

template VertexElement {
 <f752461c-1e23-48f6-b9f8-8350850f336f>
 DWORD Type;
 DWORD Method;
 DWORD Usage;
 DWORD UsageIndex;
}

template DeclData {
 <bf22e553-292c-4781-9fea-62bd554bdd93>
 DWORD nElements;
 array VertexElement Elements[nElements];
 DWORD nDWords;
 array DWORD data[nDWords];
}

template XSkinMeshHeader {
 <3cf169ce-ff7c-44ab-93c0-f78f62d172e2>
 WORD nMaxSkinWeightsPerVertex;
 WORD nMaxSkinWeightsPerFace;
 WORD nBones;
}

template SkinWeights {
 <6f0d123b-bad2-4167-a0d0-80224f25fabb>
 STRING transformNodeName;
 DWORD nWeights;
 array DWORD vertexIndices[nWeights];
 array FLOAT weights[nWeights];
 Matrix4x4 matrixOffset;
}

template AnimTicksPerSecond {
 <9e415a43-7ba6-4a73-8743-b73d47e88476>
 DWORD AnimTicksPerSecond;
}

template Animation {
 <3d82ab4f-62da-11cf-ab39-0020af71e433>
 [...]
}

template AnimationSet {
 <3d82ab50-62da-11cf-ab39-0020af71e433>
 [Animation <3d82ab4f-62da-11cf-ab39-0020af71e433>]
}

template FloatKeys {
 <10dd46a9-775b-11cf-8f52-0040333594a3>
 DWORD nValues;
 array FLOAT values[nValues];
}

template TimedFloatKeys {
 <f406b180-7b3b-11cf-8f52-0040333594a3>
 DWORD time;
 FloatKeys tfkeys;
}

template AnimationKey {
 <10dd46a8-775b-11cf-8f52-0040333594a3>
 DWORD keyType;
 DWORD nKeys;
 array TimedFloatKeys keys[nKeys];
}


Material NPC_Villagers_Head_MI {
 0.588000;0.588000;0.588000;1.000000;;
 10.000000;
 0.000000;0.000000;0.000000;;
 0.000000;0.000000;0.000000;;

 TextureFilename {
  "NPC_Villagers_Head_diff.tga";
 }
}

Material NPC_Villagers_Body_MI {
 0.588000;0.588000;0.588000;1.000000;;
 10.000000;
 0.000000;0.000000;0.000000;;
 0.000000;0.000000;0.000000;;

 TextureFilename {
  "NPC_Villagers_Body_diff.tga";
 }
}

Material NPC_Villagers_Legs_MI {
 0.588000;0.588000;0.588000;1.000000;;
 10.000000;
 0.000000;0.000000;0.000000;;
 0.000000;0.000000;0.000000;;

 TextureFilename {
  "NPC_Villagers_Leg_diff.tga";
 }
}

Material NPC_Villagers_Hand_MI {
 0.588000;0.588000;0.588000;1.000000;;
 10.000000;
 0.000000;0.000000;0.000000;;
 0.000000;0.000000;0.000000;;

 TextureFilename {
  "NPC_Villagers_Hand_diff.tga";
 }
}

Frame Dummy_root {
 

 FrameTransformMatrix {
  1.000000,0.000000,0.000000,0.000000,0.000000,1.000000,0.000000,0.000000,0.000000,-0.000000,1.000000,0.000000,0.000001,24.012974,0.000000,1.000000;;
 }

 Frame Bip01 {
  

  FrameTransformMatrix {
   -0.214881,-0.064404,-0.974515,0.000000,0.058018,0.995219,-0.078566,0.000000,0.974916,-0.073421,-0.210117,0.000000,-1.214305,0.486559,0.000053,1.000000;;
  }

  Frame Bip01-Pelvis {
   

   FrameTransformMatrix {
    -0.074645,0.997211,-0.000078,0.000000,0.123852,0.009349,0.992257,0.000000,0.989489,0.074057,-0.124204,0.000000,0.000000,0.000000,0.000000,1.000000;;
   }

   Frame Bip01-Spine {
    

    FrameTransformMatrix {
     0.998566,0.000819,0.053521,0.000000,0.005855,0.992213,-0.124413,0.000000,-0.053206,0.124549,0.990786,0.000000,1.648211,0.000001,0.295976,1.000000;;
    }

    Frame Bip01-Spine1 {
     

     FrameTransformMatrix {
      0.965313,0.012759,-0.260784,0.000000,-0.011292,0.999911,0.007121,0.000000,0.260852,-0.003929,0.965371,0.000000,0.607609,0.000000,-0.003149,1.000000;;
     }

     Frame Bip01-Spine2 {
      

      FrameTransformMatrix {
       0.999638,-0.026006,0.006833,0.000000,0.026083,0.999595,-0.011369,0.000000,-0.006535,0.011543,0.999912,0.000000,3.955236,0.000000,-0.001670,1.000000;;
      }

      Frame Bip01-Spine3 {
       

       FrameTransformMatrix {
        0.983493,-0.100317,0.150594,0.000000,0.102988,0.994632,-0.010021,0.000000,-0.148781,0.025365,0.988545,0.000000,2.101988,0.000000,-0.004353,1.000000;;
       }

       Frame Bip01-Neck {
        

        FrameTransformMatrix {
         0.934736,-0.045925,0.352363,0.000000,0.050875,0.998694,-0.004794,0.000000,-0.351683,0.022408,0.935851,0.000000,6.665291,0.000001,-0.263262,1.000000;;
        }

        Frame Bip01-Head {
         

         FrameTransformMatrix {
          0.962920,0.056868,-0.263725,0.000000,-0.091740,0.988300,-0.121852,0.000000,0.253710,0.141527,0.956871,0.000000,2.769787,0.000000,0.000001,1.000000;;
         }

         Frame Bip01-HeadNub {
          

          FrameTransformMatrix {
           1.000000,0.000000,0.000000,0.000000,0.000000,1.000000,0.000000,0.000000,0.000000,-0.000000,1.000000,0.000000,4.948422,0.000001,-0.000000,1.000000;;
          }
         }

         Frame Fx_Top {
          

          FrameTransformMatrix {
           0.023336,0.018182,0.999562,0.000000,0.998911,0.039967,-0.024048,0.000000,-0.040387,0.999036,-0.017230,0.000000,4.435902,-0.000053,0.448678,1.000000;;
          }
         }

         Frame L_Eye {
          

          FrameTransformMatrix {
           0.092907,0.224195,0.970106,0.000000,0.995445,-0.000000,-0.095334,0.000000,-0.021373,0.974544,-0.223174,0.000000,1.475075,0.670956,1.670150,1.000000;;
          }
         }

         Frame R_Eye {
          

          FrameTransformMatrix {
           0.092907,-0.224192,0.970106,0.000000,0.995445,-0.000000,-0.095334,0.000000,0.021373,0.974545,0.223171,0.000000,1.475067,-0.671173,1.670152,1.000000;;
          }
         }

         Frame jaw {
          

          FrameTransformMatrix {
           -0.411177,0.000743,0.911556,0.000000,-0.000742,-1.000000,0.000480,0.000000,0.911556,-0.000479,0.411177,0.000000,-0.006592,-0.000050,0.698911,1.000000;;
          }
         }
        }

        Frame Bip01-L-Clavicle {
         

         FrameTransformMatrix {
          -0.303542,0.945312,0.119366,0.000000,0.884973,0.326134,-0.332355,0.000000,-0.353108,0.004752,-0.935570,0.000000,-1.022507,1.579047,-0.021858,1.000000;;
         }

         Frame Bip01-L-UpperArm {
          

          FrameTransformMatrix {
           0.498930,-0.769693,0.398299,0.000000,0.854947,0.361887,-0.371622,0.000000,0.141896,0.525938,0.838603,0.000000,4.156314,-0.000004,0.000000,1.000000;;
          }

          Frame Bip01-L-Forearm {
           

           FrameTransformMatrix {
            0.841558,-0.000000,-0.540166,0.000000,0.000000,1.000000,-0.000000,0.000000,0.540166,0.000000,0.841558,0.000000,6.773534,-0.000004,0.000000,1.000000;;
           }

           Frame Bip01-L-Hand {
            

            FrameTransformMatrix {
             0.991022,-0.132190,0.020044,0.000000,-0.050440,-0.230809,0.971691,0.000000,-0.123822,-0.963978,-0.235405,0.000000,6.773538,-0.000002,0.000000,1.000000;;
            }

            Frame Bip01-L-Finger0 {
             

             FrameTransformMatrix {
              0.751263,-0.488067,0.444291,0.000000,0.386418,-0.220462,-0.895588,0.000000,0.535056,0.844504,0.022973,0.000000,0.151234,-0.859520,0.620507,1.000000;;
             }

             Frame Bip01-L-Finger01 {
              

              FrameTransformMatrix {
               0.938292,0.000000,0.345842,0.000000,-0.000000,1.000000,-0.000000,0.000000,-0.345842,0.000000,0.938293,0.000000,1.428537,-0.000000,-0.000001,1.000000;;
              }

              Frame Bip01-L-Finger02 {
               

               FrameTransformMatrix {
                0.924450,-0.000000,0.381303,0.000000,0.000000,1.000000,0.000000,0.000000,-0.381303,-0.000000,0.924450,0.000000,1.057602,0.000001,0.000001,1.000000;;
               }

               Frame Bip01-L-Finger0Nub {
                

                FrameTransformMatrix {
                 1.000000,-0.000000,0.000000,0.000000,0.000000,1.000000,0.000000,0.000000,-0.000000,-0.000000,1.000000,0.000000,1.046604,0.000001,0.000000,1.000000;;
                }
               }
              }
             }
            }

            Frame Bip01-L-Finger1 {
             

             FrameTransformMatrix {
              0.929089,-0.062645,0.364512,0.000000,0.160155,0.956503,-0.243830,0.000000,-0.333382,0.284918,0.898709,0.000000,2.581112,-1.531241,-0.181288,1.000000;;
             }

             Frame Bip01-L-Finger11 {
              

              FrameTransformMatrix {
               0.881546,-0.000000,0.472099,0.000000,0.000000,1.000000,0.000000,0.000000,-0.472099,-0.000000,0.881546,0.000000,1.523914,-0.000001,-0.000000,1.000000;;
              }

              Frame Bip01-L-Finger12 {
               

               FrameTransformMatrix {
                0.935005,-0.000000,0.354635,0.000000,0.000000,1.000000,-0.000000,0.000000,-0.354635,-0.000000,0.935005,0.000000,0.906920,0.000000,0.000000,1.000000;;
               }

               Frame Bip01-L-Finger1Nub {
                

                FrameTransformMatrix {
                 1.000000,-0.000000,0.000000,0.000000,-0.000000,1.000000,0.000000,0.000000,0.000000,-0.000000,1.000000,0.000000,0.888450,-0.000000,-0.000002,1.000000;;
                }
               }
              }
             }
            }

            Frame Bip01-L-Finger2 {
             

             FrameTransformMatrix {
              0.839095,-0.000490,0.543984,0.000000,0.035618,0.997903,-0.054042,0.000000,-0.542817,0.064722,0.837353,0.000000,2.603209,-0.432684,-0.415967,1.000000;;
             }

             Frame Bip01-L-Finger21 {
              

              FrameTransformMatrix {
               0.731738,-0.000000,0.681586,0.000000,0.000000,1.000000,0.000000,0.000000,-0.681586,0.000000,0.731738,0.000000,1.808529,-0.000001,0.000002,1.000000;;
              }

              Frame Bip01-L-Finger22 {
               

               FrameTransformMatrix {
                0.893800,-0.000000,0.448466,0.000000,-0.000000,1.000000,0.000000,0.000000,-0.448466,-0.000000,0.893800,0.000000,1.019744,-0.000001,0.000004,1.000000;;
               }

               Frame Bip01-L-Finger2Nub {
                

                FrameTransformMatrix {
                 1.000000,-0.000000,0.000000,0.000000,-0.000000,1.000000,-0.000000,0.000000,-0.000000,0.000000,1.000000,0.000000,1.020776,0.000000,0.000000,1.000000;;
                }
               }
              }
             }
            }

            Frame Bip01-L-Finger3 {
             

             FrameTransformMatrix {
              0.708206,0.128299,0.694250,0.000000,-0.225065,0.973072,0.049763,0.000000,-0.669171,-0.191493,0.718011,0.000000,2.677891,0.419985,-0.512427,1.000000;;
             }

             Frame Bip01-L-Finger31 {
              

              FrameTransformMatrix {
               0.769080,-0.000000,0.639152,0.000000,0.000000,1.000000,0.000000,0.000000,-0.639152,-0.000000,0.769080,0.000000,1.670759,-0.000001,0.000000,1.000000;;
              }

              Frame Bip01-L-Finger32 {
               

               FrameTransformMatrix {
                0.948938,0.000000,0.315462,0.000000,0.000000,1.000000,-0.000000,0.000000,-0.315462,0.000000,0.948938,0.000000,0.967648,0.000000,0.000002,1.000000;;
               }

               Frame Bip01-L-Finger3Nub {
                

                FrameTransformMatrix {
                 1.000000,-0.000000,-0.000000,0.000000,0.000000,1.000000,0.000000,0.000000,0.000000,0.000000,1.000000,0.000000,0.915333,0.000001,-0.000002,1.000000;;
                }
               }
              }
             }
            }

            Frame Bip01-L-Finger4 {
             

             FrameTransformMatrix {
              0.674004,0.173126,0.718155,0.000000,-0.363922,0.923817,0.118843,0.000000,-0.642868,-0.341453,0.685660,0.000000,2.534401,1.297816,-0.175670,1.000000;;
             }

             Frame Bip01-L-Finger41 {
              

              FrameTransformMatrix {
               0.708621,0.000000,0.705589,0.000000,0.000000,1.000000,-0.000000,0.000000,-0.705589,0.000000,0.708621,0.000000,1.197998,0.000001,0.000000,1.000000;;
              }

              Frame Bip01-L-Finger42 {
               

               FrameTransformMatrix {
                0.961227,-0.000000,0.275760,0.000000,0.000000,1.000000,0.000000,0.000000,-0.275760,0.000000,0.961227,0.000000,0.622827,0.000000,0.000000,1.000000;;
               }

               Frame Bip01-L-Finger4Nub {
                

                FrameTransformMatrix {
                 1.000000,-0.000000,0.000000,0.000000,-0.000000,1.000000,-0.000000,0.000000,-0.000000,-0.000000,1.000000,0.000000,0.717774,0.000000,-0.000002,1.000000;;
                }
               }
              }
             }
            }

            Frame Fx_Hand00 {
             

             FrameTransformMatrix {
              0.110296,-0.939984,-0.322901,0.000000,-0.993687,-0.111000,-0.016296,0.000000,-0.020524,0.322660,-0.946293,0.000000,1.633312,-0.307400,1.618024,1.000000;;
             }
            }
           }

           Frame L_Elbow {
            

            FrameTransformMatrix {
             0.959573,-0.000000,0.281462,0.000000,0.000000,1.000000,-0.000000,0.000000,-0.281462,0.000000,0.959573,0.000000,0.000004,-0.000004,-0.000001,1.000000;;
            }
           }

           Frame L_Shield {
            

            FrameTransformMatrix {
             1.000000,-0.000000,0.000000,0.000000,0.000000,1.000000,0.000000,0.000000,-0.000000,-0.000000,1.000000,0.000000,2.500002,2.499998,0.000001,1.000000;;
            }
           }

           Frame Bip01-L-ForeTwist {
            

            FrameTransformMatrix {
             1.000000,-0.000000,-0.000000,0.000000,0.000000,0.993209,0.116342,0.000000,0.000000,-0.116342,0.993210,0.000000,0.000000,0.000000,0.000000,1.000000;;
            }
           }
          }

          Frame L_Shoulder {
           

           FrameTransformMatrix {
            0.862456,0.506116,-0.003888,0.000000,-0.482714,0.824838,0.294328,0.000000,0.152171,-0.251968,0.955697,0.000000,-0.000006,0.000000,0.000000,1.000000;;
           }
          }

          Frame L_Shoulder_Twist {
           

           FrameTransformMatrix {
            1.000000,-0.000000,0.000000,0.000000,0.000000,0.995975,0.089631,0.000000,-0.000000,-0.089631,0.995975,0.000000,0.000000,-0.000001,0.000000,1.000000;;
           }
          }
         }
        }

        Frame Bip01-R-Clavicle {
         

         FrameTransformMatrix {
          -0.215300,-0.973561,0.076316,0.000000,-0.910473,0.228376,0.344795,0.000000,-0.353107,0.004751,-0.935571,0.000000,-1.022511,-1.579053,-0.021852,1.000000;;
         }

         Frame Bip01-R-UpperArm {
          

          FrameTransformMatrix {
           0.639534,0.642090,0.422750,0.000000,-0.767751,0.561662,0.308373,0.000000,-0.039440,-0.521782,0.852167,0.000000,4.156314,0.000000,-0.000000,1.000000;;
          }

          Frame Bip01-R-Forearm {
           

           FrameTransformMatrix {
            0.841558,-0.000000,-0.540166,0.000000,-0.000000,1.000000,-0.000000,0.000000,0.540166,-0.000000,0.841558,0.000000,6.773531,-0.000004,0.000002,1.000000;;
           }

           Frame Bip01-R-Hand {
            

            FrameTransformMatrix {
             0.991022,0.132190,0.020044,0.000000,0.050440,-0.230809,-0.971691,0.000000,-0.123822,0.963978,-0.235405,0.000000,6.773537,-0.000002,0.000000,1.000000;;
            }

            Frame Bip01-R-Finger0 {
             

             FrameTransformMatrix {
              0.751263,0.488067,0.444291,0.000000,-0.386418,-0.220462,0.895588,0.000000,0.535056,-0.844504,0.022973,0.000000,0.151237,0.859521,0.620506,1.000000;;
             }

             Frame Bip01-R-Finger01 {
              

              FrameTransformMatrix {
               0.938293,-0.000000,0.345842,0.000000,0.000000,1.000000,0.000000,0.000000,-0.345842,-0.000000,0.938293,0.000000,1.428541,-0.000002,0.000001,1.000000;;
              }

              Frame Bip01-R-Finger02 {
               

               FrameTransformMatrix {
                0.924450,0.000000,0.381303,0.000000,-0.000000,1.000000,-0.000000,0.000000,-0.381303,-0.000000,0.924450,0.000000,1.057600,-0.000002,-0.000000,1.000000;;
               }

               Frame Bip01-R-Finger0Nub {
                

                FrameTransformMatrix {
                 -1.000000,-0.000000,0.000691,0.000000,0.000000,1.000000,-0.000000,0.000000,-0.000691,-0.000000,-1.000000,0.000000,1.046602,-0.000002,0.000000,1.000000;;
                }
               }
              }
             }
            }

            Frame Bip01-R-Finger1 {
             

             FrameTransformMatrix {
              0.929089,0.062644,0.364512,0.000000,-0.160155,0.956503,0.243830,0.000000,-0.333382,-0.284918,0.898709,0.000000,2.581116,1.531241,-0.181293,1.000000;;
             }

             Frame Bip01-R-Finger11 {
              

              FrameTransformMatrix {
               0.881546,-0.000000,0.472099,0.000000,-0.000000,1.000000,0.000000,0.000000,-0.472099,-0.000000,0.881546,0.000000,1.523914,-0.000000,0.000001,1.000000;;
              }

              Frame Bip01-R-Finger12 {
               

               FrameTransformMatrix {
                0.935005,-0.000000,0.354635,0.000000,0.000000,1.000000,-0.000000,0.000000,-0.354635,0.000000,0.935005,0.000000,0.906921,0.000001,0.000001,1.000000;;
               }

               Frame Bip01-R-Finger1Nub {
                

                FrameTransformMatrix {
                 -1.000000,-0.000000,0.000691,0.000000,-0.000000,1.000000,0.000000,0.000000,-0.000691,0.000000,-1.000000,0.000000,0.888449,-0.000001,0.000001,1.000000;;
                }
               }
              }
             }
            }

            Frame Bip01-R-Finger2 {
             

             FrameTransformMatrix {
              0.839095,0.000490,0.543984,0.000000,-0.035618,0.997903,0.054042,0.000000,-0.542817,-0.064722,0.837353,0.000000,2.603210,0.432684,-0.415970,1.000000;;
             }

             Frame Bip01-R-Finger21 {
              

              FrameTransformMatrix {
               0.731738,0.000000,0.681586,0.000000,0.000000,1.000000,-0.000000,0.000000,-0.681586,0.000000,0.731738,0.000000,1.808529,0.000000,-0.000001,1.000000;;
              }

              Frame Bip01-R-Finger22 {
               

               FrameTransformMatrix {
                0.893800,-0.000000,0.448466,0.000000,0.000000,1.000000,0.000000,0.000000,-0.448466,0.000000,0.893800,0.000000,1.019745,0.000000,0.000001,1.000000;;
               }

               Frame Bip01-R-Finger2Nub {
                

                FrameTransformMatrix {
                 -1.000000,-0.000000,-0.000690,0.000000,-0.000000,1.000000,-0.000000,0.000000,0.000690,0.000000,-1.000000,0.000000,1.020779,0.000000,0.000000,1.000000;;
                }
               }
              }
             }
            }

            Frame Bip01-R-Finger3 {
             

             FrameTransformMatrix {
              0.708206,-0.128299,0.694250,0.000000,0.225065,0.973072,-0.049763,0.000000,-0.669171,0.191493,0.718011,0.000000,2.677889,-0.419985,-0.512427,1.000000;;
             }

             Frame Bip01-R-Finger31 {
              

              FrameTransformMatrix {
               0.769080,-0.000000,0.639153,0.000000,-0.000000,1.000000,0.000000,0.000000,-0.639153,-0.000000,0.769080,0.000000,1.670761,-0.000001,0.000001,1.000000;;
              }

              Frame Bip01-R-Finger32 {
               

               FrameTransformMatrix {
                0.948938,-0.000000,0.315462,0.000000,0.000000,1.000000,-0.000000,0.000000,-0.315462,0.000000,0.948938,0.000000,0.967648,-0.000000,-0.000002,1.000000;;
               }

               Frame Bip01-R-Finger3Nub {
                

                FrameTransformMatrix {
                 -1.000000,0.000000,-0.000690,0.000000,-0.000000,1.000000,0.000000,0.000000,0.000690,0.000000,-1.000000,0.000000,0.915333,0.000000,0.000000,1.000000;;
                }
               }
              }
             }
            }

            Frame Bip01-R-Finger4 {
             

             FrameTransformMatrix {
              0.674004,-0.173127,0.718155,0.000000,0.363922,0.923816,-0.118843,0.000000,-0.642868,0.341453,0.685661,0.000000,2.534401,-1.297818,-0.175671,1.000000;;
             }

             Frame Bip01-R-Finger41 {
              

              FrameTransformMatrix {
               0.708621,0.000000,0.705589,0.000000,0.000000,1.000000,-0.000000,0.000000,-0.705589,0.000000,0.708621,0.000000,1.198002,0.000000,-0.000002,1.000000;;
              }

              Frame Bip01-R-Finger42 {
               

               FrameTransformMatrix {
                0.961227,-0.000000,0.275760,0.000000,0.000000,1.000000,0.000000,0.000000,-0.275760,-0.000000,0.961227,0.000000,0.622828,0.000001,0.000002,1.000000;;
               }

               Frame Bip01-R-Finger4Nub {
                

                FrameTransformMatrix {
                 -1.000000,-0.000000,-0.000690,0.000000,0.000000,1.000000,0.000000,0.000000,0.000690,0.000000,-1.000000,0.000000,0.717776,0.000000,-0.000002,1.000000;;
                }
               }
              }
             }
            }

            Frame Fx_Hand01 {
             

             FrameTransformMatrix {
              0.078307,0.992601,0.092797,0.000000,-0.982509,0.092614,-0.161552,0.000000,-0.168951,-0.078524,0.982492,0.000000,1.633434,0.307305,1.617853,1.000000;;
             }
            }
           }

           Frame R_Elbow {
            

            FrameTransformMatrix {
             0.959572,0.000000,0.281462,0.000000,-0.000000,1.000000,-0.000000,0.000000,-0.281462,-0.000000,0.959572,0.000000,0.000000,0.000000,0.000000,1.000000;;
            }
           }

           Frame Bip01-R-ForeTwist {
            

            FrameTransformMatrix {
             1.000000,0.000000,-0.000000,0.000000,-0.000000,0.993209,-0.116342,0.000000,-0.000000,0.116342,0.993209,0.000000,0.000000,0.000000,0.000000,1.000000;;
            }
           }
          }

          Frame R_Shoulder {
           

           FrameTransformMatrix {
            0.903809,-0.420180,-0.081108,0.000000,0.386647,0.883028,-0.266016,0.000000,0.183396,0.209067,0.960550,0.000000,0.000000,0.000000,0.000000,1.000000;;
           }
          }

          Frame R_Shoulder_Twist {
           

           FrameTransformMatrix {
            1.000000,0.000000,0.000000,0.000000,0.000000,0.995975,-0.089632,0.000000,0.000000,0.089631,0.995975,0.000000,-0.000008,-0.000004,0.000002,1.000000;;
           }
          }
         }
        }
       }
      }

      Frame Fx_Center {
       

       FrameTransformMatrix {
        -0.196471,0.200125,0.959870,0.000000,0.975779,-0.056148,0.211433,0.000000,0.096208,0.978160,-0.184246,0.000000,1.025013,-0.000057,0.165858,1.000000;;
       }
      }
     }
    }

    Frame Bip01-L-Thigh {
     

     FrameTransformMatrix {
      -0.938767,0.254507,0.232257,0.000000,-0.193029,-0.946844,0.257343,0.000000,0.285406,0.196753,0.937993,0.000000,-1.648445,2.333846,-0.294669,1.000000;;
     }

     Frame Bip01-L-Calf {
      

      FrameTransformMatrix {
       0.885975,0.000000,-0.463734,0.000000,-0.000000,1.000000,0.000000,0.000000,0.463734,0.000000,0.885975,0.000000,11.141642,0.000000,0.000000,1.000000;;
      }

      Frame Bip01-L-Foot {
       

       FrameTransformMatrix {
        0.960177,0.139570,0.242034,0.000000,-0.122782,0.988941,-0.083189,0.000000,-0.250968,0.050159,0.966695,0.000000,10.890699,-0.000001,0.000001,1.000000;;
       }

       Frame Bip01-L-Toe0 {
        

        FrameTransformMatrix {
         0.000000,-0.000000,1.000000,0.000000,-0.000000,1.000000,0.000000,0.000000,-1.000000,-0.000000,-0.000000,0.000000,2.733375,0.000000,3.010877,1.000000;;
        }

        Frame Bip01-L-Toe0Nub {
         

         FrameTransformMatrix {
          -1.000000,0.000000,-0.000690,0.000000,0.000000,1.000000,-0.000000,0.000000,0.000690,-0.000000,-1.000000,0.000000,2.841991,-0.000001,0.000000,1.000000;;
         }
        }
       }
      }

      Frame L_Knee {
       

       FrameTransformMatrix {
        0.971075,-0.000000,0.238774,0.000000,0.000000,1.000000,-0.000000,0.000000,-0.238774,0.000000,0.971075,0.000000,0.000002,-0.000002,0.000000,1.000000;;
       }
      }

      Frame Bip01-LCalfTwist {
       

       FrameTransformMatrix {
        1.000000,0.000000,-0.000000,0.000000,-0.000000,0.999120,-0.041949,0.000000,0.000000,0.041949,0.999120,0.000000,0.000000,0.000000,0.000000,1.000000;;
       }
      }
     }

     Frame L_Thigh {
      

      FrameTransformMatrix {
       0.986948,0.041417,-0.155626,0.000000,-0.057653,0.993184,-0.101302,0.000000,0.150370,0.108952,0.982608,0.000000,0.000000,0.000000,0.000000,1.000000;;
      }
     }
    }

    Frame Bip01-R-Thigh {
     

     FrameTransformMatrix {
      -0.993720,-0.111639,-0.007689,0.000000,0.100560,-0.860734,-0.499025,0.000000,0.049092,-0.496663,0.866554,0.000000,-1.648445,-2.333846,-0.294656,1.000000;;
     }

     Frame Bip01-R-Calf {
      

      FrameTransformMatrix {
       0.976100,-0.000000,-0.217324,0.000000,0.000000,1.000000,-0.000000,0.000000,0.217324,0.000000,0.976100,0.000000,11.141642,0.000000,0.000000,1.000000;;
      }

      Frame Bip01-R-Foot {
       

       FrameTransformMatrix {
        0.966135,-0.194468,0.169603,0.000000,0.198529,0.980069,-0.007156,0.000000,-0.164831,0.040585,0.985487,0.000000,10.890702,0.000001,0.000001,1.000000;;
       }

       Frame Bip01-R-Toe0 {
        

        FrameTransformMatrix {
         0.000000,0.000000,1.000000,0.000000,-0.014922,0.999889,-0.000000,0.000000,-0.999889,-0.014922,0.000000,0.000000,2.733374,0.000001,3.010877,1.000000;;
        }

        Frame Bip01-R-Toe0Nub {
         

         FrameTransformMatrix {
          1.000000,-0.000000,0.000000,0.000000,-0.000000,1.000000,-0.000000,0.000000,0.000000,0.000000,1.000000,0.000000,2.841991,0.000000,0.000000,1.000000;;
         }
        }
       }
      }

      Frame R_Knee {
       

       FrameTransformMatrix {
        0.994007,-0.000000,0.109317,0.000000,0.000000,1.000000,-0.000000,0.000000,-0.109317,-0.000000,0.994007,0.000000,-0.000002,-0.000002,-0.000001,1.000000;;
       }
      }

      Frame Bip01-RCalfTwist {
       

       FrameTransformMatrix {
        1.000000,-0.000000,0.000000,0.000000,0.000000,0.999994,-0.003651,0.000000,0.000000,0.003651,0.999993,0.000000,0.000000,0.000000,0.000000,1.000000;;
       }
      }
     }

     Frame R_Thigh {
      

      FrameTransformMatrix {
       0.999600,0.013361,-0.024951,0.000000,-0.006901,0.970013,0.242957,0.000000,0.027449,-0.242687,0.969716,0.000000,0.000000,0.000000,0.000000,1.000000;;
      }
     }
    }

    Frame Skirt_Dummy {
     

     FrameTransformMatrix {
      -0.999999,-0.000565,0.000796,0.000000,0.000565,-1.000000,0.000001,0.000000,0.000796,0.000001,1.000000,0.000000,0.809231,-0.000057,-0.105988,1.000000;;
     }

     Frame Skirt_R04_10 {
      

      FrameTransformMatrix {
       -0.966088,-0.249411,0.066841,0.000000,-0.055951,-0.050507,-0.997155,0.000000,0.252078,-0.967080,0.034840,0.000000,1.477989,4.355328,0.054463,1.000000;;
      }
     }

     Frame Skirt_R04_09 {
      

      FrameTransformMatrix {
       -0.960493,-0.125996,0.248153,0.000000,-0.036100,0.940522,0.337810,0.000000,-0.275956,0.315506,-0.907913,0.000000,1.476460,2.251491,-2.928060,1.000000;;
      }
     }

     Frame Skirt_R04_11 {
      

      FrameTransformMatrix {
       -0.995089,-0.097369,0.017793,0.000000,-0.098939,0.983770,-0.149694,0.000000,-0.002929,-0.150719,-0.988572,0.000000,1.853884,1.843780,3.533585,1.000000;;
      }
     }

     Frame Skirt_R04_06 {
      

      FrameTransformMatrix {
       0.999566,-0.014889,0.025427,0.000000,0.023067,0.932335,-0.360859,0.000000,-0.018334,0.361288,0.932274,0.000000,0.886305,-1.858429,-3.382034,1.000000;;
      }

      Frame Skirt_R04_07 {
       

       FrameTransformMatrix {
        0.998766,0.021903,0.044574,0.000000,-0.021869,0.999760,-0.001235,0.000000,-0.044590,0.000258,0.999005,0.000000,4.408329,0.000000,-0.000000,1.000000;;
       }

       Frame Skirt_R04_08 {
        

        FrameTransformMatrix {
         0.995910,0.000196,-0.090356,0.000000,0.004037,0.998903,0.046657,0.000000,0.090266,-0.046831,0.994816,0.000000,4.999781,0.000001,-0.000005,1.000000;;
        }
       }
      }
     }

     Frame Skirt_R04_00 {
      

      FrameTransformMatrix {
       0.976425,-0.144164,0.160657,0.000000,0.120245,0.981375,0.149811,0.000000,-0.179262,-0.126962,0.975575,0.000000,1.103916,-1.826977,4.025590,1.000000;;
      }

      Frame Skirt_R04_01 {
       

       FrameTransformMatrix {
        0.998724,0.000000,-0.050509,0.000000,-0.000000,1.000000,0.000001,0.000000,0.050509,-0.000001,0.998724,0.000000,4.899698,0.000000,-0.000001,1.000000;;
       }

       Frame Skirt_R04_02 {
        

        FrameTransformMatrix {
         0.998707,0.050838,-0.000652,0.000000,-0.050837,0.998707,0.000076,0.000000,0.000655,-0.000043,1.000000,0.000000,5.335964,-0.000001,-0.000026,1.000000;;
        }
       }
      }
     }

     Frame Skirt_R04_03 {
      

      FrameTransformMatrix {
       0.915873,-0.333968,0.222805,0.000000,-0.208560,0.078420,0.974860,0.000000,-0.343045,-0.939316,0.002171,0.000000,0.836329,-4.886698,-0.344411,1.000000;;
      }

      Frame Skirt_R04_04 {
       

       FrameTransformMatrix {
        0.993776,-0.098678,0.051698,0.000000,0.098534,0.995119,0.005343,0.000000,-0.051973,-0.000216,0.998649,0.000000,4.505945,-0.000000,-0.000001,1.000000;;
       }

       Frame Skirt_R04_05 {
        

        FrameTransformMatrix {
         0.995979,-0.057876,0.068383,0.000000,0.057794,0.998323,0.003179,0.000000,-0.068453,0.000786,0.997654,0.000000,4.848312,0.000000,0.000000,1.000000;;
        }
       }
      }
     }
    }
   }
  }

  Frame R_Sword {
   

   FrameTransformMatrix {
    0.712326,-0.628155,-0.313070,0.000000,0.699837,0.669452,0.249123,0.000000,0.053097,-0.396555,0.916474,0.000000,-0.586963,1.323570,-12.820717,1.000000;;
   }
  }

  Frame L_Sword {
   

   FrameTransformMatrix {
    0.103710,-0.835835,0.539097,0.000000,0.960616,-0.056314,-0.272113,0.000000,0.257800,0.546086,0.797076,0.000000,-0.586965,1.323566,12.820716,1.000000;;
   }
  }
 }

 Frame Fx_Bottom {
  

  FrameTransformMatrix {
   1.000000,0.000000,0.000000,0.000000,0.000000,1.000000,0.000000,0.000000,0.000000,0.000000,1.000000,0.000000,-2.427096,-22.938626,0.000000,1.000000;;
  }
 }
}

Frame NPC_Villagers {
 

 FrameTransformMatrix {
  1.000000,0.000000,0.000000,0.000000,0.000000,1.000000,0.000000,0.000000,0.000000,0.000000,1.000000,0.000000,0.000000,0.000000,0.000000,1.000000;;
 }

 Mesh NPC_Villagers {
  5157;
  -0.559990;43.372038;-1.282764;,
  -0.608416;43.338893;-1.284685;,
  -0.610621;43.338787;-1.284380;,
  -0.563751;41.892128;-1.648809;,
  -0.475447;41.826493;-1.535589;,
  -0.581958;41.850061;-1.615000;,
  -0.461754;41.846915;-1.540004;,
  -1.048827;41.867696;-1.827641;,
  -0.879740;41.952560;-1.831909;,
  -0.891388;41.882736;-1.771047;,
  -0.712054;41.924093;-1.751251;,
  -0.731694;41.865162;-1.700181;,
  -0.581958;41.850061;-1.615000;,
  -0.533007;41.964269;-1.638813;,
  -0.431448;41.893958;-1.517955;,
  -0.426532;41.824371;-1.506473;,
  -0.698193;42.039760;-1.759745;,
  -0.862652;42.108493;-1.906568;,
  -0.712054;41.924093;-1.751251;,
  -0.537573;42.271453;-1.589699;,
  -0.754888;42.209312;-1.710841;,
  -0.913352;42.171754;-1.899850;,
  -1.061544;42.152134;-1.901195;,
  -1.057470;42.033229;-1.938672;,
  -1.052666;41.934221;-1.892386;,
  -1.048827;41.867696;-1.827641;,
  -1.224193;41.938778;-1.825640;,
  -1.204803;41.870198;-1.765343;,
  -1.256380;42.092742;-1.899401;,
  -1.409381;42.011306;-1.746800;,
  -1.386029;41.897130;-1.738984;,
  -1.563509;41.923043;-1.620057;,
  -1.409381;42.011306;-1.746800;,
  -1.359903;41.840032;-1.688746;,
  -1.504761;41.813146;-1.598203;,
  -1.527485;41.853574;-1.631268;,
  -1.621445;41.800477;-1.518921;,
  -1.654593;41.844982;-1.495719;,
  -1.653338;41.775155;-1.484228;,
  -1.715149;41.758813;-1.436319;,
  -1.620017;41.733126;-1.519157;,
  -1.027051;41.374534;-1.778684;,
  -1.256604;41.508931;-1.689540;,
  -1.033486;41.537040;-1.768740;,
  -1.260852;41.654934;-1.797066;,
  -1.531242;41.697578;-1.568815;,
  -1.519780;41.770355;-1.594411;,
  -1.614998;41.757363;-1.524700;,
  -1.605924;41.781181;-1.515064;,
  -1.534528;41.556176;-1.501913;,
  -1.738342;41.576349;-1.377736;,
  -1.607404;41.278218;-1.426071;,
  -1.452497;41.172214;-1.640542;,
  -1.230684;41.337494;-1.719779;,
  -1.232998;41.151395;-1.796066;,
  -1.020398;41.175677;-1.855352;,
  -1.010524;40.944342;-1.828928;,
  -0.804556;41.168806;-1.803696;,
  -0.819120;41.354240;-1.727098;,
  -1.261300;40.916688;-1.789944;,
  -0.997825;40.709594;-1.642185;,
  -0.757268;40.937155;-1.798931;,
  -0.712470;40.741363;-1.631057;,
  -0.996377;40.615491;-1.375220;,
  -1.284237;40.718163;-1.620849;,
  -1.517949;40.972237;-1.618868;,
  -1.718096;41.099731;-1.354521;,
  -0.719047;40.635018;-1.360899;,
  -0.500481;41.013443;-1.637082;,
  -0.454982;40.799837;-1.524036;,
  -0.502417;40.681510;-1.276206;,
  -0.803572;40.653558;-1.046597;,
  -0.999360;40.618262;-1.044887;,
  -1.542116;40.755843;-1.504552;,
  -1.275610;40.611539;-1.348439;,
  -1.197260;40.636077;-1.035322;,
  -1.013126;40.630669;-0.825059;,
  -0.696812;40.682666;-0.788463;,
  -0.234058;40.879654;-0.462291;,
  -0.713518;40.638016;-0.501006;,
  -1.038236;40.597603;-0.520046;,
  -1.356688;40.594826;-0.442743;,
  -1.328481;40.651011;-0.760337;,
  -1.497285;40.638989;-1.252210;,
  -1.787955;40.971706;-1.198856;,
  -1.836834;40.895914;-0.848531;,
  -2.091491;41.162384;-0.513122;,
  -2.640137;42.232310;0.727020;,
  -2.555903;41.995427;0.569397;,
  -2.536589;41.926154;0.923566;,
  -2.310119;41.406643;0.603452;,
  -2.203289;41.195549;0.784999;,
  -1.915580;40.896400;0.262004;,
  -2.115961;41.104512;0.180860;,
  -1.781256;40.800880;-0.389872;,
  -1.633826;40.684333;-0.232313;,
  -2.335876;41.458595;1.507877;,
  -2.198854;41.299971;0.020253;,
  -2.325748;41.478259;0.262847;,
  -2.409483;41.617843;0.416740;,
  -2.609896;41.818278;0.331791;,
  -2.617938;42.060038;0.322465;,
  -2.521646;41.618931;0.123114;,
  -2.509194;41.939814;0.002981;,
  -2.341491;41.415862;-0.130313;,
  -2.199056;41.586109;-0.683259;,
  -2.351485;41.744010;-0.243760;,
  -2.358855;42.081085;-0.452931;,
  -2.233210;41.940957;-0.818263;,
  -2.160645;42.372829;-0.967108;,
  -2.339263;42.547840;-0.782563;,
  -2.556827;42.894915;-0.506964;,
  -2.326137;42.769766;-0.960407;,
  -2.424294;43.092554;-0.747333;,
  -2.540110;42.522381;-0.132679;,
  -2.166696;43.203216;-1.097261;,
  -2.078666;42.995498;-1.153004;,
  -2.261925;43.049571;-1.039663;,
  -2.136207;42.702800;-1.127327;,
  -2.072336;42.277645;-1.173947;,
  -1.935177;42.718621;-1.300646;,
  -1.902574;42.988931;-1.225035;,
  -2.042008;43.158259;-1.163110;,
  -2.118017;43.309098;-1.169568;,
  -2.177436;43.363635;-1.094792;,
  -2.231407;43.334246;-0.989069;,
  -2.181373;43.395440;-1.099484;,
  -2.148790;43.367965;-1.126776;,
  -2.104056;43.325411;-1.190881;,
  -2.042644;43.279072;-1.223097;,
  -2.059268;43.338800;-1.146181;,
  -2.095507;43.369427;-1.103856;,
  -2.112050;43.388915;-1.100941;,
  -2.070044;43.406013;-1.135063;,
  -2.109260;43.431907;-1.189948;,
  -2.036643;43.450931;-1.269635;,
  -2.156728;43.451898;-1.120834;,
  -2.013887;43.424874;-1.181129;,
  -1.986952;43.302214;-1.201177;,
  -1.697206;43.493430;-1.455666;,
  -1.862573;43.546973;-1.487490;,
  -1.675086;43.494336;-1.552562;,
  -1.856224;43.509434;-1.407498;,
  -2.043897;43.558816;-1.387490;,
  -1.986017;43.498365;-1.354211;,
  -2.066653;43.474624;-1.247837;,
  -1.970405;43.467507;-1.333530;,
  -1.956065;43.440941;-1.235070;,
  -1.858085;43.454451;-1.261880;,
  -2.160736;43.534013;-1.208501;,
  -2.080599;43.647018;-1.425579;,
  -1.862450;43.568986;-1.571716;,
  -1.665536;43.478614;-1.628243;,
  -1.538823;43.441690;-1.528475;,
  -1.473997;43.428192;-1.604387;,
  -1.829176;43.788848;-1.613888;,
  -1.821973;43.981926;-1.561237;,
  -1.494218;44.300045;-1.733144;,
  -1.500850;43.923667;-1.800857;,
  -1.608998;43.629910;-1.780596;,
  -1.160560;44.734515;-1.665406;,
  -1.145190;44.299078;-1.777962;,
  -1.133461;43.973910;-1.848276;,
  -1.320508;43.637901;-1.851939;,
  -1.435899;43.542730;-1.797967;,
  -1.362569;43.422093;-1.665350;,
  -1.412790;43.354019;-1.504110;,
  -1.447959;43.274282;-1.435583;,
  -0.795956;44.327981;-1.745853;,
  -0.437814;44.037296;-1.586431;,
  -0.761753;43.953235;-1.814310;,
  -0.920436;43.653907;-1.859222;,
  -1.120986;43.644566;-1.886750;,
  -1.277588;43.522902;-1.810257;,
  -0.629827;43.669082;-1.798419;,
  -0.795929;43.568330;-1.809616;,
  -0.952493;43.535907;-1.816175;,
  -1.116787;43.556915;-1.848700;,
  -1.256338;43.424602;-1.829333;,
  -1.376700;43.241958;-1.586119;,
  -1.564374;43.056256;-1.463427;,
  -1.877811;42.535078;-1.344089;,
  -1.747061;42.912749;-1.392066;,
  -1.694253;42.735526;-1.446178;,
  -1.584053;43.125664;-1.376265;,
  -1.506351;42.905824;-1.547527;,
  -1.664464;42.576874;-1.507534;,
  -1.796224;42.347523;-1.424911;,
  -1.965395;42.184806;-1.258457;,
  -1.817028;42.099306;-1.382119;,
  -1.987814;41.928656;-1.240110;,
  -1.818754;41.880630;-1.368943;,
  -1.970562;41.655341;-1.229850;,
  -1.581706;42.229683;-1.570694;,
  -1.715822;42.314659;-1.448645;,
  -1.817028;42.099306;-1.382119;,
  -1.066246;42.271443;-1.897260;,
  -1.210683;42.159859;-1.894439;,
  -1.200898;42.285322;-1.873478;,
  -1.364668;42.184918;-1.699742;,
  -1.374491;42.331603;-1.697049;,
  -1.539483;42.358669;-1.605135;,
  -1.634366;42.504298;-1.545569;,
  -1.497950;42.599350;-1.578982;,
  -1.250717;42.466355;-1.836608;,
  -1.179795;42.418656;-1.932197;,
  -1.255657;42.430602;-1.829881;,
  -1.206476;42.381222;-1.867748;,
  -1.070169;42.361331;-1.915234;,
  -1.395395;42.423194;-1.716455;,
  -1.495433;42.454400;-1.626336;,
  -1.465690;42.524518;-1.712816;,
  -1.445992;42.656864;-1.673937;,
  -1.364455;42.752358;-1.913395;,
  -1.389091;42.474941;-1.757265;,
  -1.088657;42.672109;-2.247936;,
  -1.239359;42.826243;-2.116092;,
  -1.094177;42.841811;-2.178237;,
  -1.265574;42.687149;-2.170981;,
  -1.365839;42.575574;-1.930942;,
  -1.335341;42.522637;-1.923677;,
  -1.339076;42.475773;-1.788958;,
  -1.173693;42.440438;-1.997505;,
  -1.071924;42.391366;-1.945681;,
  -1.218175;42.443885;-1.912537;,
  -1.252134;42.534739;-1.897377;,
  -1.307934;42.505494;-1.902359;,
  -1.247741;42.511491;-2.062166;,
  -1.246629;42.564474;-2.126032;,
  -1.078688;42.485741;-2.109838;,
  -1.074620;42.425395;-2.018965;,
  -1.179401;42.498762;-2.078898;,
  -1.083010;42.557811;-2.188886;,
  -1.253684;42.503699;-2.008935;,
  -1.228640;42.485088;-2.012004;,
  -1.211018;42.452902;-1.967931;,
  -0.808176;42.774611;-1.923519;,
  -0.681849;42.555875;-1.727082;,
  -0.793318;42.598477;-1.941363;,
  -0.910827;42.701341;-2.177438;,
  -0.918269;42.577606;-2.132009;,
  -0.978278;42.506810;-2.082559;,
  -0.976350;42.448333;-2.001097;,
  -0.966159;42.427203;-1.936086;,
  -0.902104;42.548746;-1.903748;,
  -0.902135;42.517766;-2.015334;,
  -0.844365;42.524042;-1.910796;,
