xof 0303txt 0032
template ColorRGBA {
 <35ff44e0-6c7c-11cf-8f52-0040333594a3>
 FLOAT red;
 FLOAT green;
 FLOAT blue;
 FLOAT alpha;
}

template ColorRGB {
 <d3e16e81-7835-11cf-8f52-0040333594a3>
 FLOAT red;
 FLOAT green;
 FLOAT blue;
}

template Material {
 <3d82ab4d-62da-11cf-ab39-0020af71e433>
 ColorRGBA faceColor;
 FLOAT power;
 ColorRGB specularColor;
 ColorRGB emissiveColor;
 [...]
}

template TextureFilename {
 <a42790e1-7810-11cf-8f52-0040333594a3>
 STRING filename;
}

template Frame {
 <3d82ab46-62da-11cf-ab39-0020af71e433>
 [...]
}

template Matrix4x4 {
 <f6f23f45-7686-11cf-8f52-0040333594a3>
 array FLOAT matrix[16];
}

template FrameTransformMatrix {
 <f6f23f41-7686-11cf-8f52-0040333594a3>
 Matrix4x4 frameMatrix;
}

template Vector {
 <3d82ab5e-62da-11cf-ab39-0020af71e433>
 FLOAT x;
 FLOAT y;
 FLOAT z;
}

template MeshFace {
 <3d82ab5f-62da-11cf-ab39-0020af71e433>
 DWORD nFaceVertexIndices;
 array DWORD faceVertexIndices[nFaceVertexIndices];
}

template Mesh {
 <3d82ab44-62da-11cf-ab39-0020af71e433>
 DWORD nVertices;
 array Vector vertices[nVertices];
 DWORD nFaces;
 array MeshFace faces[nFaces];
 [...]
}

template MeshMaterialList {
 <f6f23f42-7686-11cf-8f52-0040333594a3>
 DWORD nMaterials;
 DWORD nFaceIndexes;
 array DWORD faceIndexes[nFaceIndexes];
 [Material <3d82ab4d-62da-11cf-ab39-0020af71e433>]
}

template VertexElement {
 <f752461c-1e23-48f6-b9f8-8350850f336f>
 DWORD Type;
 DWORD Method;
 DWORD Usage;
 DWORD UsageIndex;
}

template DeclData {
 <bf22e553-292c-4781-9fea-62bd554bdd93>
 DWORD nElements;
 array VertexElement Elements[nElements];
 DWORD nDWords;
 array DWORD data[nDWords];
}

template XSkinMeshHeader {
 <3cf169ce-ff7c-44ab-93c0-f78f62d172e2>
 WORD nMaxSkinWeightsPerVertex;
 WORD nMaxSkinWeightsPerFace;
 WORD nBones;
}

template SkinWeights {
 <6f0d123b-bad2-4167-a0d0-80224f25fabb>
 STRING transformNodeName;
 DWORD nWeights;
 array DWORD vertexIndices[nWeights];
 array FLOAT weights[nWeights];
 Matrix4x4 matrixOffset;
}

template AnimTicksPerSecond {
 <9e415a43-7ba6-4a73-8743-b73d47e88476>
 DWORD AnimTicksPerSecond;
}

template Animation {
 <3d82ab4f-62da-11cf-ab39-0020af71e433>
 [...]
}

template AnimationSet {
 <3d82ab50-62da-11cf-ab39-0020af71e433>
 [Animation <3d82ab4f-62da-11cf-ab39-0020af71e433>]
}

template FloatKeys {
 <10dd46a9-775b-11cf-8f52-0040333594a3>
 DWORD nValues;
 array FLOAT values[nValues];
}

template TimedFloatKeys {
 <f406b180-7b3b-11cf-8f52-0040333594a3>
 DWORD time;
 FloatKeys tfkeys;
}

template AnimationKey {
 <10dd46a8-775b-11cf-8f52-0040333594a3>
 DWORD keyType;
 DWORD nKeys;
 array TimedFloatKeys keys[nKeys];
}


Material Material__65 {
 0.588000;0.588000;0.588000;1.000000;;
 10.000000;
 0.000000;0.000000;0.000000;;
 0.000000;0.000000;0.000000;;

 TextureFilename {
  "NPC_Man_Temp_diff.tga";
 }
}

Frame Dummy_root {
 

 FrameTransformMatrix {
  1.000000,0.000000,0.000000,0.000000,0.000000,1.000000,0.000000,0.000000,0.000000,-0.000000,1.000000,0.000000,0.000001,24.012974,0.000000,1.000000;;
 }

 Frame Bip01 {
  

  FrameTransformMatrix {
   -0.016358,-0.004284,-0.999857,0.000000,-0.006337,0.999971,-0.004181,0.000000,0.999846,0.006267,-0.016384,0.000000,-1.214305,0.986559,0.000053,1.000000;;
  }

  Frame Bip01-Pelvis {
   

   FrameTransformMatrix {
    0.000000,1.000000,-0.000001,0.000000,-0.000001,0.000001,1.000000,0.000000,1.000000,-0.000000,0.000001,0.000000,0.000000,0.000000,0.000000,1.000000;;
   }

   Frame Bip01-Spine {
    

    FrameTransformMatrix {
     0.999848,0.007700,0.015682,0.000000,-0.007639,0.999963,-0.003968,0.000000,-0.015712,0.003847,0.999869,0.000000,1.148209,0.000001,0.295975,1.000000;;
    }

    Frame Bip01-Spine1 {
     

     FrameTransformMatrix {
      0.999535,0.006720,0.029748,0.000000,-0.006504,0.999952,-0.007332,0.000000,-0.029796,0.007135,0.999531,0.000000,0.607611,-0.000000,-0.003110,1.000000;;
     }

     Frame Bip01-Spine2 {
      

      FrameTransformMatrix {
       0.999535,0.006719,0.029751,0.000000,-0.006504,0.999952,-0.007322,0.000000,-0.029799,0.007125,0.999531,0.000000,3.905897,-0.000000,-0.001649,1.000000;;
      }

      Frame Bip01-Spine3 {
       

       FrameTransformMatrix {
        0.999535,0.006719,0.029753,0.000000,-0.006504,0.999952,-0.007312,0.000000,-0.029801,0.007115,0.999531,0.000000,2.075769,0.000000,-0.004298,1.000000;;
       }

       Frame Bip01-Neck {
        

        FrameTransformMatrix {
         0.994540,-0.097252,-0.037841,0.000000,0.097913,0.995066,0.016003,0.000000,0.036098,-0.019621,0.999156,0.000000,6.596230,0.000002,-0.263261,1.000000;;
        }

        Frame Bip01-Head {
         

         FrameTransformMatrix {
          0.995015,0.016679,-0.098323,0.000000,-0.013717,0.999434,0.030720,0.000000,0.098780,-0.029218,0.994680,0.000000,2.769787,-0.000000,0.000001,1.000000;;
         }

         Frame Bip01-HeadNub {
          

          FrameTransformMatrix {
           1.000000,0.000000,0.000000,0.000000,0.000000,1.000000,0.000000,0.000000,0.000000,0.000000,1.000000,0.000000,4.948406,-0.000000,0.000000,1.000000;;
          }
         }

         Frame FxTop {
          

          FrameTransformMatrix {
           -0.026204,0.045760,0.998609,0.000000,0.997924,0.059989,0.023437,0.000000,-0.058833,0.997150,-0.047237,0.000000,4.435890,-0.000054,0.448678,1.000000;;
          }
         }

         Frame Facial_Eyebrow_L {
          

          FrameTransformMatrix {
           0.088860,0.220493,0.971333,0.000000,0.095642,-0.972573,0.212025,0.000000,0.991442,0.074060,-0.107511,0.000000,1.956924,0.657566,1.678361,1.000000;;
          }
         }

         Frame Facial_Eyebrow_R {
          

          FrameTransformMatrix {
           0.088859,-0.220486,0.971334,0.000000,-0.095643,-0.972575,-0.212018,0.000000,0.991442,-0.074061,-0.107510,0.000000,1.956909,-0.657940,1.678364,1.000000;;
          }
         }

         Frame Facial_Eyelid_Upper_L {
          

          FrameTransformMatrix {
           0.058198,0.224062,0.972836,0.000000,0.021365,-0.974544,0.223177,0.000000,0.998077,0.007796,-0.061504,0.000000,1.522224,0.751896,2.076837,1.000000;;
          }
         }

         Frame Facial_Eyelid_Upper_R {
          

          FrameTransformMatrix {
           0.058198,-0.224054,0.972838,0.000000,-0.021383,-0.974546,-0.223168,0.000000,0.998076,-0.007815,-0.061507,0.000000,1.521854,-0.752083,2.076876,1.000000;;
          }
         }

         Frame Facial_Eye_L {
          

          FrameTransformMatrix {
           0.052347,0.138539,0.988973,0.000000,0.009305,-0.990355,0.138240,0.000000,0.998586,0.001966,-0.053131,0.000000,1.441563,0.785210,2.263067,1.000000;;
          }
         }

         Frame Facial_Eye_R {
          

          FrameTransformMatrix {
           0.052342,-0.138533,0.988974,0.000000,-0.009323,-0.990356,-0.138233,0.000000,0.998586,-0.001985,-0.053129,0.000000,1.441578,-0.785396,2.263071,1.000000;;
          }
         }

         Frame Facial_Cheek_L {
          

          FrameTransformMatrix {
           0.001431,0.471395,0.881921,0.000000,0.039342,-0.881266,0.470981,0.000000,0.999225,0.034023,-0.019807,0.000000,0.844353,0.811905,1.842099,1.000000;;
          }
         }

         Frame Facial_Cheek_R {
          

          FrameTransformMatrix {
           0.001433,-0.471405,0.881916,0.000000,0.039353,0.881260,0.470991,0.000000,-0.999224,0.034031,0.019814,0.000000,0.844353,-0.811779,1.842103,1.000000;;
          }
         }

         Frame Facial_Lip_Upper_L {
          

          FrameTransformMatrix {
           0.053511,0.105584,0.992970,0.000000,0.040269,-0.993814,0.103503,0.000000,0.997755,0.034447,-0.057432,0.000000,-0.254944,0.227238,2.429098,1.000000;;
          }
         }

         Frame Facial_Lip_Upper_R {
          

          FrameTransformMatrix {
           0.053512,-0.105278,0.993002,0.000000,0.035142,0.994009,0.103491,0.000000,-0.997949,0.029358,0.056891,0.000000,-0.254917,-0.227219,2.429259,1.000000;;
          }
         }

         Frame Facial_Lip_Out_L {
          

          FrameTransformMatrix {
           -0.031529,0.457583,0.888608,0.000000,0.036399,-0.887935,0.458527,0.000000,0.998840,0.046801,0.011340,0.000000,-0.325546,0.169950,2.191947,1.000000;;
          }
         }

         Frame Facial_Lip_Out_R {
          

          FrameTransformMatrix {
           -0.031529,-0.457580,0.888610,0.000000,0.036397,0.887936,0.458524,0.000000,-0.998840,0.046799,-0.011341,0.000000,-0.325542,-0.170049,2.191948,1.000000;;
          }
         }

         Frame Facial_Jaw {
          

          FrameTransformMatrix {
           -0.395222,0.001017,0.918585,0.000000,-0.001016,-0.999999,0.000670,0.000000,0.918585,-0.000668,0.395223,0.000000,0.034470,-0.000046,1.072499,1.000000;;
          }

          Frame Facial_Lip_Lower_C {
           

           FrameTransformMatrix {
            0.885442,-0.000167,0.464750,0.000000,0.000168,-1.000000,-0.000679,0.000000,0.464750,0.000679,-0.885441,0.000000,1.251384,-0.000018,-0.083923,1.000000;;
           }
          }
         }
        }

        Frame Bip01-L-Clavicle {
         

         FrameTransformMatrix {
          -0.377775,0.825543,-0.419243,0.000000,0.922950,0.371856,-0.099427,0.000000,0.073817,-0.424502,-0.902413,0.000000,-1.022511,1.579048,-0.021860,1.000000;;
         }

         Frame Bip01-L-UpperArm {
          

          FrameTransformMatrix {
           0.562932,-0.804820,0.188078,0.000000,-0.201777,-0.354498,-0.913027,0.000000,0.801495,0.476022,-0.361953,0.000000,4.156315,0.000008,0.000001,1.000000;;
          }

          Frame Bip01-L-Forearm {
           

           FrameTransformMatrix {
            0.337949,0.000000,-0.941164,0.000000,-0.000000,1.000000,0.000000,0.000000,0.941164,0.000000,0.337949,0.000000,6.269016,0.000001,0.000002,1.000000;;
           }

           Frame Bip01-L-Hand {
            

            FrameTransformMatrix {
             0.990251,-0.137179,-0.024205,0.000000,0.012784,-0.083533,0.996423,0.000000,-0.138711,-0.987018,-0.080965,0.000000,7.320499,-0.000001,0.000002,1.000000;;
            }

            Frame Bip01-L-Finger0 {
             

             FrameTransformMatrix {
              0.110794,-0.637201,0.762692,0.000000,0.291893,-0.712708,-0.637844,0.000000,0.950012,0.293294,0.107031,0.000000,0.151236,-0.859518,0.620506,1.000000;;
             }

             Frame Bip01-L-Finger01 {
              

              FrameTransformMatrix {
               0.788141,0.000000,0.615495,0.000000,-0.000000,1.000000,0.000000,0.000000,-0.615495,-0.000000,0.788141,0.000000,1.565399,0.000001,0.000000,1.000000;;
              }

              Frame Bip01-L-Finger02 {
               

               FrameTransformMatrix {
                0.732377,0.000000,0.680899,0.000000,0.000000,1.000000,-0.000000,0.000000,-0.680899,0.000000,0.732377,0.000000,1.283392,-0.000001,0.000000,1.000000;;
               }

               Frame Bip01-L-Finger0Nub {
                

                FrameTransformMatrix {
                 1.000000,-0.000000,-0.000000,0.000000,-0.000000,1.000000,0.000000,0.000000,0.000000,0.000000,1.000000,0.000000,1.098757,0.000000,-0.000004,1.000000;;
                }
               }
              }
             }
            }

            Frame Bip01-L-Finger1 {
             

             FrameTransformMatrix {
              0.759409,0.161700,0.630199,0.000000,-0.131594,0.986778,-0.094618,0.000000,-0.637167,-0.011077,0.770646,0.000000,2.581112,-1.531239,-0.181288,1.000000;;
             }

             Frame Bip01-L-Finger11 {
              

              FrameTransformMatrix {
               0.858113,0.000000,0.513461,0.000000,-0.000000,1.000000,0.000000,0.000000,-0.513461,0.000000,0.858113,0.000000,1.523918,0.000002,0.000000,1.000000;;
              }

              Frame Bip01-L-Finger12 {
               

               FrameTransformMatrix {
                0.804101,0.000000,0.594492,0.000000,-0.000000,1.000000,-0.000000,0.000000,-0.594492,0.000000,0.804101,0.000000,0.906921,0.000000,0.000000,1.000000;;
               }

               Frame Bip01-L-Finger1Nub {
                

                FrameTransformMatrix {
                 1.000000,0.000000,-0.000000,0.000000,0.000000,1.000000,0.000000,0.000000,-0.000000,0.000000,1.000000,0.000000,0.888451,0.000000,-0.000001,1.000000;;
                }
               }
              }
             }
            }

            Frame Bip01-L-Finger2 {
             

             FrameTransformMatrix {
              0.573723,0.023859,0.818702,0.000000,-0.037071,0.999308,-0.003144,0.000000,-0.818210,-0.028547,0.574210,0.000000,2.603208,-0.432682,-0.415970,1.000000;;
             }

             Frame Bip01-L-Finger21 {
              

              FrameTransformMatrix {
               0.883420,-0.000000,0.468582,0.000000,0.000000,1.000000,0.000000,0.000000,-0.468583,0.000000,0.883420,0.000000,1.808526,0.000000,-0.000002,1.000000;;
              }

              Frame Bip01-L-Finger22 {
               

               FrameTransformMatrix {
                0.607451,0.000000,0.794357,0.000000,0.000000,1.000000,-0.000000,0.000000,-0.794357,-0.000000,0.607451,0.000000,1.019747,0.000000,0.000001,1.000000;;
               }

               Frame Bip01-L-Finger2Nub {
                

                FrameTransformMatrix {
                 1.000000,-0.000000,-0.000000,0.000000,0.000000,1.000000,-0.000000,0.000000,0.000000,-0.000000,1.000000,0.000000,1.020779,0.000002,0.000001,1.000000;;
                }
               }
              }
             }
            }

            Frame Bip01-L-Finger3 {
             

             FrameTransformMatrix {
              0.411680,0.007526,0.911297,0.000000,-0.208771,0.974152,0.086268,0.000000,-0.887093,-0.225768,0.402610,0.000000,2.677887,0.419985,-0.512428,1.000000;;
             }

             Frame Bip01-L-Finger31 {
              

              FrameTransformMatrix {
               0.878662,0.000000,0.477446,0.000000,0.000000,1.000000,-0.000000,0.000000,-0.477446,0.000000,0.878662,0.000000,1.670757,0.000000,0.000000,1.000000;;
              }

              Frame Bip01-L-Finger32 {
               

               FrameTransformMatrix {
                0.778939,-0.000000,0.627100,0.000000,0.000000,1.000000,0.000000,0.000000,-0.627100,-0.000000,0.778939,0.000000,0.967644,0.000000,0.000001,1.000000;;
               }

               Frame Bip01-L-Finger3Nub {
                

                FrameTransformMatrix {
                 1.000000,0.000000,-0.000000,0.000000,0.000000,1.000000,-0.000000,0.000000,0.000000,0.000000,1.000000,0.000000,0.915333,0.000000,0.000000,1.000000;;
                }
               }
              }
             }
            }

            Frame Bip01-L-Finger4 {
             

             FrameTransformMatrix {
              0.382069,-0.077293,0.920896,0.000000,-0.334539,0.917343,0.215791,0.000000,-0.861456,-0.390523,0.324630,0.000000,2.534400,1.297817,-0.175667,1.000000;;
             }

             Frame Bip01-L-Finger41 {
              

              FrameTransformMatrix {
               0.954583,0.000000,0.297946,0.000000,0.000000,1.000000,-0.000000,0.000000,-0.297946,0.000000,0.954583,0.000000,1.198002,0.000002,-0.000002,1.000000;;
              }

              Frame Bip01-L-Finger42 {
               

               FrameTransformMatrix {
                0.914492,-0.000000,0.404605,0.000000,-0.000000,1.000000,0.000000,0.000000,-0.404605,0.000000,0.914492,0.000000,0.622828,0.000001,0.000002,1.000000;;
               }

               Frame Bip01-L-Finger4Nub {
                

                FrameTransformMatrix {
                 1.000000,-0.000000,-0.000000,0.000000,-0.000000,1.000000,0.000000,0.000000,0.000000,-0.000000,1.000000,0.000000,0.717773,0.000000,-0.000002,1.000000;;
                }
               }
              }
             }
            }

            Frame FxHand00 {
             

             FrameTransformMatrix {
              -0.217457,-0.455975,-0.863017,0.000000,-0.408046,-0.760739,0.504753,0.000000,-0.886685,0.461913,-0.020631,0.000000,0.999998,0.000006,1.999996,1.000000;;
             }
            }

            Frame L_Sword {
             

             FrameTransformMatrix {
              -0.212844,0.810130,-0.546248,0.000000,0.078825,-0.543000,-0.836025,0.000000,-0.973902,-0.221001,0.051716,0.000000,-0.000004,0.000002,0.000000,1.000000;;
             }
            }
           }

           Frame L_Elbow {
            

            FrameTransformMatrix {
             0.817909,-0.000000,0.575348,0.000000,-0.000000,1.000000,0.000000,0.000000,-0.575348,-0.000000,0.817909,0.000000,0.000000,-0.000003,0.000000,1.000000;;
            }
           }

           Frame Bip01-L-ForeTwist {
            

            FrameTransformMatrix {
             1.000000,-0.000000,0.000000,0.000000,0.000000,0.999126,0.041807,0.000000,-0.000000,-0.041806,0.999126,0.000000,0.000000,0.000000,0.000000,1.000000;;
            }
           }
          }

          Frame L_Shoulder {
           

           FrameTransformMatrix {
            0.869885,-0.056966,0.489954,0.000000,-0.490854,-0.197846,0.848480,0.000000,0.048601,-0.978577,-0.200065,0.000000,0.000000,0.000001,0.000001,1.000000;;
           }
          }

          Frame L_Shoulder_Twist {
           

           FrameTransformMatrix {
            1.000000,-0.000000,-0.000000,0.000000,0.000000,0.559951,0.828525,0.000000,-0.000000,-0.828525,0.559951,0.000000,0.000000,0.000000,0.000000,1.000000;;
           }
          }
         }
        }

        Frame Bip01-R-Clavicle {
         

         FrameTransformMatrix {
          -0.254946,-0.888874,-0.380664,0.000000,-0.966934,0.231792,0.106348,0.000000,-0.006295,0.395190,-0.918578,0.000000,-1.022507,-1.579052,-0.021852,1.000000;;
         }

         Frame Bip01-R-UpperArm {
          

          FrameTransformMatrix {
           0.576994,0.761487,0.295322,0.000000,0.223804,-0.495152,0.839486,0.000000,0.785487,-0.418285,-0.456124,0.000000,4.156314,-0.000004,-0.000001,1.000000;;
          }

          Frame Bip01-R-Forearm {
           

           FrameTransformMatrix {
            0.611399,-0.000000,-0.791323,0.000000,0.000000,1.000000,0.000000,0.000000,0.791323,-0.000000,0.611399,0.000000,6.269014,0.000000,0.000001,1.000000;;
           }

           Frame Bip01-R-Hand {
            

            FrameTransformMatrix {
             0.922872,-0.385077,0.004897,0.000000,0.137476,0.317543,-0.938225,0.000000,0.359734,0.866535,0.345990,0.000000,7.320494,0.000002,0.000000,1.000000;;
            }

            Frame Bip01-R-Finger0 {
             

             FrameTransformMatrix {
              0.641312,0.517296,0.566678,0.000000,-0.184568,-0.612863,0.768332,0.000000,0.744750,-0.597331,-0.297560,0.000000,0.151234,0.859522,0.620506,1.000000;;
             }

             Frame Bip01-R-Finger01 {
              

              FrameTransformMatrix {
               0.947734,-0.000000,0.319061,0.000000,-0.000000,1.000000,0.000000,0.000000,-0.319061,0.000000,0.947734,0.000000,1.565398,-0.000002,0.000000,1.000000;;
              }

              Frame Bip01-R-Finger02 {
               

               FrameTransformMatrix {
                0.904786,-0.000000,0.425867,0.000000,-0.000000,1.000000,0.000000,0.000000,-0.425867,-0.000000,0.904786,0.000000,1.283393,0.000001,0.000000,1.000000;;
               }

               Frame Bip01-R-Finger0Nub {
                

                FrameTransformMatrix {
                 -1.000000,0.000000,0.000691,0.000000,-0.000000,1.000000,-0.000000,0.000000,-0.000691,-0.000000,-1.000000,0.000000,1.098761,0.000001,-0.000004,1.000000;;
                }
               }
              }
             }
            }

            Frame Bip01-R-Finger1 {
             

             FrameTransformMatrix {
              0.856027,0.011589,0.516802,0.000000,-0.160155,0.956503,0.243830,0.000000,-0.491496,-0.291493,0.820648,0.000000,2.581114,1.531244,-0.181290,1.000000;;
             }

             Frame Bip01-R-Finger11 {
              

              FrameTransformMatrix {
               0.996594,-0.000000,-0.082472,0.000000,-0.000000,1.000000,0.000000,0.000000,0.082472,-0.000000,0.996594,0.000000,1.523916,-0.000004,0.000000,1.000000;;
              }

              Frame Bip01-R-Finger12 {
               

               FrameTransformMatrix {
                0.998771,0.000000,-0.049572,0.000000,-0.000000,1.000000,0.000000,0.000000,0.049572,0.000000,0.998771,0.000000,0.906920,-0.000004,0.000001,1.000000;;
               }

               Frame Bip01-R-Finger1Nub {
                

                FrameTransformMatrix {
                 -1.000000,-0.000000,-0.000690,0.000000,0.000000,1.000000,0.000000,0.000000,0.000690,0.000000,-0.999999,0.000000,0.888452,0.000000,0.000000,1.000000;;
                }
               }
              }
             }
            }

            Frame Bip01-R-Finger2 {
             

             FrameTransformMatrix {
              0.812548,-0.002564,0.582888,0.000000,-0.035618,0.997903,0.054041,0.000000,-0.581805,-0.064673,0.810753,0.000000,2.603205,0.432684,-0.415970,1.000000;;
             }

             Frame Bip01-R-Finger21 {
              

              FrameTransformMatrix {
               0.983462,0.000000,-0.181113,0.000000,-0.000000,1.000000,-0.000000,0.000000,0.181113,0.000000,0.983462,0.000000,1.808528,-0.000002,-0.000001,1.000000;;
              }

              Frame Bip01-R-Finger22 {
               

               FrameTransformMatrix {
                0.996688,0.000000,-0.081327,0.000000,-0.000000,1.000000,0.000000,0.000000,0.081327,0.000000,0.996688,0.000000,1.019747,-0.000002,0.000000,1.000000;;
               }

               Frame Bip01-R-Finger2Nub {
                

                FrameTransformMatrix {
                 -1.000000,0.000000,-0.000690,0.000000,0.000000,1.000000,0.000000,0.000000,0.000690,0.000000,-1.000000,0.000000,1.020778,0.000000,0.000000,1.000000;;
                }
               }
              }
             }
            }

            Frame Bip01-R-Finger3 {
             

             FrameTransformMatrix {
              0.841428,-0.069080,0.535935,0.000000,-0.021525,0.986723,0.160980,0.000000,-0.539940,-0.146989,0.828769,0.000000,2.677887,-0.419983,-0.512428,1.000000;;
             }

             Frame Bip01-R-Finger31 {
              

              FrameTransformMatrix {
               0.992930,-0.000000,-0.118698,0.000000,0.000000,1.000000,0.000000,0.000000,0.118698,-0.000000,0.992930,0.000000,1.670754,-0.000002,0.000000,1.000000;;
              }

              Frame Bip01-R-Finger32 {
               

               FrameTransformMatrix {
                0.988567,0.000000,-0.150782,0.000000,-0.000000,1.000000,-0.000000,0.000000,0.150782,0.000000,0.988567,0.000000,0.967642,-0.000002,-0.000001,1.000000;;
               }

               Frame Bip01-R-Finger3Nub {
                

                FrameTransformMatrix {
                 -1.000000,0.000000,-0.000690,0.000000,0.000000,1.000000,-0.000000,0.000000,0.000690,-0.000000,-1.000000,0.000000,0.915337,0.000000,0.000001,1.000000;;
                }
               }
              }
             }
            }

            Frame Bip01-R-Finger4 {
             

             FrameTransformMatrix {
              0.942292,-0.077323,0.325742,0.000000,-0.022475,0.956160,0.291981,0.000000,-0.334038,-0.282452,0.899243,0.000000,2.534401,-1.297815,-0.175667,1.000000;;
             }

             Frame Bip01-R-Finger41 {
              

              FrameTransformMatrix {
               1.000000,-0.000000,0.000000,0.000000,0.000000,1.000000,-0.000000,0.000000,0.000000,0.000000,1.000000,0.000000,1.198000,0.000000,0.000000,1.000000;;
              }

              Frame Bip01-R-Finger42 {
               

               FrameTransformMatrix {
                1.000000,-0.000000,-0.000000,0.000000,0.000000,1.000000,0.000000,0.000000,-0.000000,-0.000000,1.000000,0.000000,0.622825,-0.000002,-0.000001,1.000000;;
               }

               Frame Bip01-R-Finger4Nub {
                

                FrameTransformMatrix {
                 -1.000000,0.000000,-0.000690,0.000000,0.000000,1.000000,0.000000,0.000000,0.000690,0.000000,-1.000000,0.000000,0.717773,0.000000,-0.000001,1.000000;;
                }
               }
              }
             }
            }

            Frame FxHand01 {
             

             FrameTransformMatrix {
              0.012823,-0.015641,-0.999795,0.000000,-0.770061,0.637662,-0.019852,0.000000,0.637842,0.770158,-0.003868,0.000000,0.999998,0.000007,1.999999,1.000000;;
             }
            }

            Frame R_Sword {
             

             FrameTransformMatrix {
              -0.964149,0.143191,-0.223412,0.000000,0.129170,0.988688,0.076235,0.000000,0.231801,0.044644,-0.971738,0.000000,0.000000,0.000000,0.000000,1.000000;;
             }
            }
           }

           Frame R_Elbow {
            

            FrameTransformMatrix {
             0.897607,0.000000,0.440795,0.000000,0.000000,1.000000,-0.000000,0.000000,-0.440796,0.000000,0.897607,0.000000,-0.000002,0.000000,0.000001,1.000000;;
            }
           }

           Frame Bip01-R-ForeTwist {
            

            FrameTransformMatrix {
             1.000000,0.000000,-0.000000,0.000000,-0.000000,0.986717,0.162451,0.000000,-0.000000,-0.162451,0.986717,0.000000,0.000000,0.000000,0.000000,1.000000;;
            }
           }
          }

          Frame R_Shoulder {
           

           FrameTransformMatrix {
            0.871735,0.063346,0.485866,0.000000,0.477949,-0.328308,-0.814726,0.000000,0.107904,0.942444,-0.316474,0.000000,0.000000,0.000000,0.000000,1.000000;;
           }
          }

          Frame R_Shoulder_Twist {
           

           FrameTransformMatrix {
            1.000000,-0.000000,-0.000000,0.000000,-0.000000,0.503937,-0.863741,0.000000,0.000000,0.863741,0.503937,0.000000,0.000000,0.000000,0.000000,1.000000;;
           }
          }
         }
        }
       }
      }

      Frame FxCenter {
       

       FrameTransformMatrix {
        0.079523,-0.002715,0.996829,0.000000,0.996734,-0.013840,-0.079553,0.000000,0.014012,0.999901,0.001605,0.000000,1.025013,-0.000057,0.165858,1.000000;;
       }
      }
     }
    }

    Frame Bip01-L-Thigh {
     

     FrameTransformMatrix {
      -0.992816,0.092947,0.075344,0.000000,-0.089989,-0.995068,0.041746,0.000000,0.078853,0.034666,0.996283,0.000000,-1.148445,2.333846,-0.295066,1.000000;;
     }

     Frame Bip01-L-Calf {
      

      FrameTransformMatrix {
       0.954955,0.000000,-0.296750,0.000000,-0.000000,1.000000,0.000000,0.000000,0.296750,0.000000,0.954955,0.000000,10.636171,0.000001,0.000000,1.000000;;
      }

      Frame Bip01-L-Foot {
       

       FrameTransformMatrix {
        0.967876,0.081653,0.237802,0.000000,-0.114373,0.985260,0.127206,0.000000,-0.223910,-0.150318,0.962948,0.000000,12.060146,-0.000001,0.000000,1.000000;;
       }

       Frame Bip01-L-Toe0 {
        

        FrameTransformMatrix {
         -0.000000,0.000001,1.000000,0.000000,0.000000,1.000000,-0.000001,0.000000,-1.000000,0.000000,0.000000,0.000000,2.733374,-0.000001,3.010878,1.000000;;
        }

        Frame Bip01-L-Toe0Nub {
         

         FrameTransformMatrix {
          -1.000000,0.000000,-0.000690,0.000000,0.000000,1.000000,0.000000,0.000000,0.000690,0.000000,-1.000000,0.000000,2.445071,-0.000000,-0.000000,1.000000;;
         }
        }
       }
      }

      Frame L_Knee {
       

       FrameTransformMatrix {
        0.988675,0.000000,0.150075,0.000000,-0.000000,1.000000,0.000000,0.000000,-0.150075,-0.000000,0.988675,0.000000,0.000000,-0.000002,-0.000000,1.000000;;
       }
      }

      Frame Bip01-LCalfTwist {
       

       FrameTransformMatrix {
        1.000000,0.000000,-0.000000,0.000000,-0.000000,0.997940,0.064155,0.000000,0.000000,-0.064155,0.997940,0.000000,0.000000,0.000000,0.000000,1.000000;;
       }
      }
     }

     Frame L_Thigh {
      

      FrameTransformMatrix {
       0.998310,-0.022080,-0.053745,0.000000,0.021696,0.999735,-0.007710,0.000000,0.053901,0.006531,0.998525,0.000000,0.016291,-0.000000,0.032582,1.000000;;
      }
     }
    }

    Frame Bip01-R-Thigh {
     

     FrameTransformMatrix {
      -0.985154,-0.136474,0.104154,0.000000,0.126598,-0.987278,-0.096200,0.000000,0.115957,-0.081587,0.989898,0.000000,-1.148445,-2.333848,-0.295053,1.000000;;
     }

     Frame Bip01-R-Calf {
      

      FrameTransformMatrix {
       0.952091,0.000000,-0.305814,0.000000,-0.000000,1.000000,0.000000,0.000000,0.305814,-0.000000,0.952091,0.000000,10.636176,-0.000001,0.000000,1.000000;;
      }

      Frame Bip01-R-Foot {
       

       FrameTransformMatrix {
        0.970574,-0.130475,0.202393,0.000000,0.144065,0.988101,-0.053871,0.000000,-0.192956,0.081444,0.977822,0.000000,12.060147,0.000001,-0.000000,1.000000;;
       }

       Frame Bip01-R-Toe0 {
        

        FrameTransformMatrix {
         0.000001,0.000001,1.000000,0.000000,-0.000000,1.000000,-0.000001,0.000000,-1.000000,-0.000000,0.000001,0.000000,2.733375,0.000000,3.010878,1.000000;;
        }

        Frame Bip01-R-Toe0Nub {
         

         FrameTransformMatrix {
          1.000000,-0.000000,0.000000,0.000000,-0.000000,1.000000,0.000000,0.000000,-0.000000,-0.000000,1.000000,0.000000,2.445071,0.000000,-0.000000,1.000000;;
         }
        }
       }
      }

      Frame R_Knee {
       

       FrameTransformMatrix {
        0.987950,-0.000000,0.154772,0.000000,0.000000,1.000000,0.000000,0.000000,-0.154772,0.000000,0.987950,0.000000,-0.000002,-0.000002,-0.000000,1.000000;;
       }
      }

      Frame Bip01-RCalfTwist {
       

       FrameTransformMatrix {
        1.000000,0.000000,-0.000000,0.000000,0.000000,0.999629,-0.027230,0.000000,-0.000000,0.027230,0.999629,0.000000,0.000000,0.000000,0.000000,1.000000;;
       }
      }
     }

     Frame R_Thigh {
      

      FrameTransformMatrix {
       0.997533,-0.004301,-0.070074,0.000000,0.006402,0.999536,0.029780,0.000000,0.069913,-0.030156,0.997097,0.000000,0.016294,0.000000,0.032582,1.000000;;
      }
     }
    }

    Frame Skirt_Dummy {
     

     FrameTransformMatrix {
      -1.000000,-0.000565,0.000796,0.000000,0.000565,-1.000000,0.000001,0.000000,0.000796,0.000002,1.000000,0.000000,0.809227,-0.000057,-0.105988,1.000000;;
     }

     Frame Acc_00 {
      

      FrameTransformMatrix {
       0.999366,-0.016497,0.031566,0.000000,-0.014075,-0.997048,-0.075488,0.000000,0.032718,0.074996,-0.996647,0.000000,2.687580,-1.923741,6.712285,1.000000;;
      }
     }

     Frame Acc_01 {
      

      FrameTransformMatrix {
       0.978730,-0.164790,-0.122199,0.000000,-0.189581,-0.498841,-0.845705,0.000000,0.078406,0.850883,-0.519472,0.000000,1.368811,-6.790217,2.411119,1.000000;;
      }
     }

     Frame Acc_02 {
      

      FrameTransformMatrix {
       0.973708,-0.121567,-0.192648,0.000000,-0.152451,0.280642,-0.947628,0.000000,0.169265,0.952083,0.254730,0.000000,0.753134,-7.051352,-1.501812,1.000000;;
      }
     }

     Frame Acc_03 {
      

      FrameTransformMatrix {
       0.977795,0.093297,-0.187651,0.000000,0.136344,0.396789,0.907727,0.000000,0.159147,-0.913156,0.375258,0.000000,0.629763,6.805541,-2.007846,1.000000;;
      }
     }
    }
   }
  }
 }

 Frame FxBottom {
  

  FrameTransformMatrix {
   1.000000,0.000000,0.000000,0.000000,0.000000,1.000000,0.000000,0.000000,0.000000,0.000000,1.000000,0.000000,-2.427096,-22.938626,0.000000,1.000000;;
  }
 }
}

Frame NPC_Man_Temp_Skel {
 

 FrameTransformMatrix {
  1.000000,0.000000,0.000000,0.000000,0.000000,1.000000,0.000000,0.000000,0.000000,0.000000,1.000000,0.000000,0.000000,0.000000,0.000000,1.000000;;
 }

 Mesh NPC_Man_Temp_Skel {
  5358;
  -1.049784;41.715235;-3.724830;,
  -1.238427;41.649898;-3.975566;,
  -1.133803;41.662131;-3.889437;,
  -3.800288;10.079086;2.188580;,
  -4.179825;9.671389;1.080664;,
  -4.079388;9.851103;2.212928;,
  -3.950581;9.845806;0.947337;,
  -4.711288;9.526169;0.211319;,
  -4.179825;9.671389;1.080664;,
  -4.515274;9.711056;0.071650;,
  -5.289232;9.515505;-0.215366;,
  -5.249507;9.679248;-0.493012;,
  -6.029181;9.591986;-0.248011;,
  -5.289232;9.515505;-0.215366;,
  -6.114547;9.751931;-0.525196;,
  -6.735837;9.760569;0.221273;,
  -3.522718;9.830572;2.282828;,
  -3.693429;9.590303;0.971982;,
  -4.320627;9.445390;-0.060502;,
  -5.199656;9.405092;-0.680955;,
  -6.242443;9.450530;-0.720935;,
  -6.883014;9.905154;-0.008908;,
  -6.735837;9.760569;0.221273;,
  -7.107585;9.950468;1.124733;,
  -4.361402;7.537459;0.282201;,
  -5.304095;7.442675;-0.303752;,
  -6.483055;7.520817;-0.463458;,
  -7.046009;9.661648;-0.202236;,
  -7.325028;10.125036;0.962117;,
  -7.143094;10.141300;2.169359;,
  -3.493881;7.876494;2.622594;,
  -3.618751;7.775162;1.248636;,
  -3.375074;7.971776;2.571344;,
  -3.723931;7.682093;1.350722;,
  -4.433954;7.454755;0.399779;,
  -5.361004;7.362222;-0.168112;,
  -6.443592;7.368418;-0.290664;,
  -7.166298;7.787467;0.319316;,
  -4.297397;10.331945;3.312425;,
  -4.478007;10.138193;3.154231;,
  -4.074036;10.129753;3.538910;,
  -3.942124;8.151551;3.917826;,
  -5.153062;10.498588;3.930172;,
  -5.201651;10.228832;3.623677;,
  -5.115766;10.310761;4.331594;,
  -5.242537;8.427312;4.808066;,
  -5.234501;8.221334;4.789087;,
  -4.021072;8.036934;3.850435;,
  3.943452;0.027836;-3.250188;,
  2.495487;0.017701;-2.392539;,
  3.099422;0.021552;-3.000954;,
  3.930458;0.030157;-1.223519;,
  1.959486;0.015414;-1.053324;,
  2.174376;0.018741;0.115525;,
  1.959486;0.015414;-1.053324;,
  3.249927;0.030258;2.330854;,
  2.176625;0.019953;0.961450;,
  2.109291;0.020653;1.828419;,
  1.746181;0.019282;2.862765;,
  1.985393;0.022510;3.827202;,
  2.835819;0.030965;5.117815;,
  2.282339;0.026041;4.687618;,
  5.203483;0.038862;-2.363068;,
  4.662895;0.033792;-2.967489;,
  5.574207;0.043162;-1.365528;,
  5.564620;0.044691;-0.230131;,
  5.213694;0.043696;1.002456;,
  4.880617;0.042347;1.886459;,
  4.701763;0.041982;2.615236;,
  4.573134;0.042149;3.443938;,
  4.098384;0.039559;4.230926;,
  3.525410;0.036146;4.978018;,
  4.709181;1.488226;2.495878;,
  4.628601;2.697272;3.323621;,
  4.398522;1.527106;3.347111;,
  4.701763;0.041982;2.615236;,
  4.880617;0.042347;1.886459;,
  4.573134;0.042149;3.443938;,
  3.775795;4.853448;3.787540;,
  4.008882;3.428214;3.060046;,
  3.982352;4.766389;3.056056;,
  3.923421;3.590262;3.907576;,
  4.161682;2.806269;4.264218;,
  4.027480;1.539066;4.274853;,
  4.098384;0.039559;4.230926;,
  3.179324;4.927323;4.265040;,
  3.439478;3.755031;4.588448;,
  3.497402;3.033430;4.891035;,
  3.516180;1.642031;4.891703;,
  3.525410;0.036146;4.978018;,
  2.796832;1.675990;5.085612;,
  2.835819;0.030965;5.117815;,
  2.780092;3.084079;4.993469;,
  2.774017;3.803708;4.710099;,
  2.681510;4.936216;4.359362;,
  2.592609;6.158365;4.508422;,
  3.197379;6.152345;4.381915;,
  3.664556;5.846468;1.403814;,
  4.157338;7.213982;1.956757;,
  3.978676;5.942480;2.111875;,
  4.370813;7.364714;2.808225;,
  4.068932;6.038179;2.936691;,
  3.933533;7.473640;3.703590;,
  3.842886;6.124813;3.795133;,
  3.287210;7.536125;4.462823;,
  2.497780;7.572592;4.598617;,
  2.465663;9.039230;4.298856;,
  3.274026;9.009289;4.153631;,
  3.274026;9.009289;4.153631;,
  3.949347;8.955055;3.557700;,
  4.413924;8.824689;2.605462;,
  4.147979;8.507338;1.673517;,
  3.703297;7.076133;1.190757;,
  3.721908;8.304178;0.887510;,
  2.985787;6.946262;0.658570;,
  3.002792;8.175601;0.259972;,
  2.277591;6.935265;0.667147;,
  2.191397;8.221773;0.445353;,
  1.627550;6.997192;1.193951;,
  1.522034;8.315317;0.983349;,
  1.191228;7.127351;2.023197;,
  1.074226;8.506306;1.824150;,
  1.553336;5.975600;3.131355;,
  1.495712;5.821866;2.285884;,
  1.702641;5.750793;1.494580;,
  2.373616;5.779387;1.002061;,
  3.027554;5.757012;0.860229;,
  2.221738;4.830134;4.082436;,
  1.994926;6.078761;4.055396;,
  1.812176;4.682920;3.352361;,
  1.700001;4.683810;2.480499;,
  1.848091;4.628558;1.683287;,
  2.432932;4.589430;1.064261;,
  3.019386;4.636690;1.035491;,
  2.433586;3.727302;0.909867;,
  1.734311;3.374931;1.796993;,
  1.604548;3.416492;2.709897;,
  1.838236;3.585283;3.673184;,
  2.103498;3.615741;4.447570;,
  1.387116;2.340683;1.876821;,
  1.319751;2.417537;2.965465;,
  1.754099;2.599365;3.915228;,
  2.647968;2.775560;0.147113;,
  2.006150;2.550046;0.972625;,
  1.695827;1.430132;1.916886;,
  1.607323;1.445205;2.928717;,
  1.814472;1.537123;3.878097;,
  2.204648;1.603251;4.649947;,
  2.100670;2.892461;4.646119;,
  1.803228;1.412395;0.933868;,
  2.223296;2.321958;0.178414;,
  1.877211;1.327895;0.121093;,
  1.746181;0.019282;2.862765;,
  2.109291;0.020653;1.828419;,
  1.985393;0.022510;3.827202;,
  2.282339;0.026041;4.687618;,
  2.835819;0.030965;5.117815;,
  2.796832;1.675990;5.085612;,
  2.780092;3.084079;4.993469;,
  2.774017;3.803708;4.710099;,
  2.681510;4.936216;4.359362;,
  2.592609;6.158365;4.508422;,
  1.792974;7.536431;4.124682;,
  1.048869;7.321809;3.071618;,
  2.497780;7.572592;4.598617;,
  1.020937;8.716955;2.938055;,
  1.671628;8.899783;3.892671;,
  2.465663;9.039230;4.298856;,
  3.714905;3.629611;1.446438;,
  4.480241;1.987540;0.629711;,
  3.870421;2.613610;0.436289;,
  3.218647;2.909173;0.201660;,
  3.107294;3.876418;0.778839;,
  3.657961;4.650399;1.583395;,
  3.900885;4.713453;2.283148;,
  3.989782;3.483579;2.305228;,
  4.690758;2.626913;2.366256;,
  4.526013;2.643188;1.629319;,
  5.017450;1.247246;0.876699;,
  4.828360;1.471426;-0.537333;,
  5.559360;0.931615;-0.318354;,
  4.963408;1.227059;-1.553894;,
  5.563800;0.809546;-1.332540;,
  4.878383;1.518190;1.792884;,
  5.203483;0.038862;-2.363068;,
  5.574207;0.043162;-1.365528;,
  5.564620;0.044691;-0.230131;,
  5.213694;0.043696;1.002456;,
  5.158176;0.638664;-2.236248;,
  4.609475;0.695987;-2.890237;,
  4.662895;0.033792;-2.967489;,
  3.959914;0.618281;-3.219494;,
  3.943452;0.027836;-3.250188;,
  3.143749;0.620389;-3.002171;,
  3.099422;0.021552;-3.000954;,
  2.495487;0.017701;-2.392539;,
  2.510940;0.656663;-2.404032;,
  4.378783;1.171342;-2.056468;,
  3.747634;1.233428;-2.293326;,
  4.095875;1.806160;-0.777364;,
  2.409231;1.649768;-1.057865;,
  2.047608;0.743469;-1.795215;,
  1.945460;0.900126;-1.015330;,
  2.506642;1.206369;-2.027948;,
  3.152411;1.235010;-2.243105;,
  3.490534;1.951664;-0.903159;,
  2.923624;1.901473;-0.993177;,
  1.877211;1.327895;0.121093;,
  2.040863;0.015041;-1.765483;,
  1.959486;0.015414;-1.053324;,
  2.174376;0.018741;0.115525;,
  2.176625;0.019953;0.961450;,
  2.040863;0.015041;-1.765483;,
  2.046011;9.322732;-0.337295;,
  1.209318;7.511205;0.713682;,
  1.215931;9.414877;0.343212;,
  0.535689;7.800772;1.719586;,
  0.671183;9.610472;1.413059;,
  0.382102;8.037638;3.050668;,
  0.604579;9.888535;2.725364;,
  1.032263;8.224734;4.352928;,
  1.255760;10.193782;3.930772;,
  2.376919;8.468120;5.156777;,
  2.354499;10.349166;4.642840;,
  2.352668;8.261485;5.142935;,
  1.099851;8.105051;4.282626;,
  0.498083;7.938243;3.094942;,
  0.642424;7.705347;1.815178;,
  1.286094;7.427868;0.826393;,
  1.430127;9.675346;0.454897;,
  0.937074;9.854801;1.365332;,
  0.885984;10.123224;2.606220;,
  1.472607;10.381326;3.684436;,
  2.375142;10.526100;4.234964;,
  1.628581;10.175721;3.517781;,
  2.384747;10.246857;3.933042;,
  2.982046;9.634075;-0.256474;,
  3.656168;9.634540;0.444772;,
  3.791802;9.766870;0.199374;,
  2.911601;9.484762;0.030961;,
  2.119294;9.598947;-0.160248;,
  2.173368;9.440246;0.117568;,
  1.628215;9.485309;0.583527;,
  1.166394;9.673222;1.483825;,
  1.152539;9.883301;2.614118;,
  4.535095;9.747070;1.055841;,
  4.466390;10.236045;2.296746;,
  4.751199;10.053078;2.367210;,
  4.311358;9.991041;1.131128;,
  3.931022;9.512625;0.003067;,
  3.084720;9.323325;-0.451875;,
  3.253930;10.499988;4.114328;,
  2.384747;10.246857;3.933042;,
  2.375142;10.526100;4.234964;,
  3.126652;10.290078;3.841730;,
  3.981127;10.437599;3.523599;,
  3.819750;10.235828;3.343633;,
  4.214545;10.044054;2.350405;,
  4.098125;9.830243;1.315903;,
