xof 0303txt 0032
template ColorRGBA {
 <35ff44e0-6c7c-11cf-8f52-0040333594a3>
 FLOAT red;
 FLOAT green;
 FLOAT blue;
 FLOAT alpha;
}

template ColorRGB {
 <d3e16e81-7835-11cf-8f52-0040333594a3>
 FLOAT red;
 FLOAT green;
 FLOAT blue;
}

template Material {
 <3d82ab4d-62da-11cf-ab39-0020af71e433>
 ColorRGBA faceColor;
 FLOAT power;
 ColorRGB specularColor;
 ColorRGB emissiveColor;
 [...]
}

template TextureFilename {
 <a42790e1-7810-11cf-8f52-0040333594a3>
 STRING filename;
}

template Frame {
 <3d82ab46-62da-11cf-ab39-0020af71e433>
 [...]
}

template Matrix4x4 {
 <f6f23f45-7686-11cf-8f52-0040333594a3>
 array FLOAT matrix[16];
}

template FrameTransformMatrix {
 <f6f23f41-7686-11cf-8f52-0040333594a3>
 Matrix4x4 frameMatrix;
}

template Vector {
 <3d82ab5e-62da-11cf-ab39-0020af71e433>
 FLOAT x;
 FLOAT y;
 FLOAT z;
}

template MeshFace {
 <3d82ab5f-62da-11cf-ab39-0020af71e433>
 DWORD nFaceVertexIndices;
 array DWORD faceVertexIndices[nFaceVertexIndices];
}

template Mesh {
 <3d82ab44-62da-11cf-ab39-0020af71e433>
 DWORD nVertices;
 array Vector vertices[nVertices];
 DWORD nFaces;
 array MeshFace faces[nFaces];
 [...]
}

template MeshMaterialList {
 <f6f23f42-7686-11cf-8f52-0040333594a3>
 DWORD nMaterials;
 DWORD nFaceIndexes;
 array DWORD faceIndexes[nFaceIndexes];
 [Material <3d82ab4d-62da-11cf-ab39-0020af71e433>]
}

template VertexElement {
 <f752461c-1e23-48f6-b9f8-8350850f336f>
 DWORD Type;
 DWORD Method;
 DWORD Usage;
 DWORD UsageIndex;
}

template DeclData {
 <bf22e553-292c-4781-9fea-62bd554bdd93>
 DWORD nElements;
 array VertexElement Elements[nElements];
 DWORD nDWords;
 array DWORD data[nDWords];
}

template XSkinMeshHeader {
 <3cf169ce-ff7c-44ab-93c0-f78f62d172e2>
 WORD nMaxSkinWeightsPerVertex;
 WORD nMaxSkinWeightsPerFace;
 WORD nBones;
}

template SkinWeights {
 <6f0d123b-bad2-4167-a0d0-80224f25fabb>
 STRING transformNodeName;
 DWORD nWeights;
 array DWORD vertexIndices[nWeights];
 array FLOAT weights[nWeights];
 Matrix4x4 matrixOffset;
}

template AnimTicksPerSecond {
 <9e415a43-7ba6-4a73-8743-b73d47e88476>
 DWORD AnimTicksPerSecond;
}

template Animation {
 <3d82ab4f-62da-11cf-ab39-0020af71e433>
 [...]
}

template AnimationSet {
 <3d82ab50-62da-11cf-ab39-0020af71e433>
 [Animation <3d82ab4f-62da-11cf-ab39-0020af71e433>]
}

template FloatKeys {
 <10dd46a9-775b-11cf-8f52-0040333594a3>
 DWORD nValues;
 array FLOAT values[nValues];
}

template TimedFloatKeys {
 <f406b180-7b3b-11cf-8f52-0040333594a3>
 DWORD time;
 FloatKeys tfkeys;
}

template AnimationKey {
 <10dd46a8-775b-11cf-8f52-0040333594a3>
 DWORD keyType;
 DWORD nKeys;
 array TimedFloatKeys keys[nKeys];
}


Material Skin01Face_Mat {
 0.588000;0.588000;0.588000;1.000000;;
 10.000000;
 0.000000;0.000000;0.000000;;
 0.000000;0.000000;0.000000;;

 TextureFilename {
  "Face_T_2.tga";
 }
}

Material Skin01Body_Mat {
 0.588000;0.588000;0.588000;1.000000;;
 10.000000;
 0.000000;0.000000;0.000000;;
 0.000000;0.000000;0.000000;;

 TextureFilename {
  "Body_T_3.tga";
 }
}

Frame Root {
 

 FrameTransformMatrix {
  1.000000,0.000000,0.000000,0.000000,0.000000,1.000000,0.000000,0.000000,0.000000,0.000000,1.000000,0.000000,0.000000,0.000000,0.000000,1.000000;;
 }

 Frame Root {
  

  FrameTransformMatrix {
   -0.000000,0.000000,-0.025400,0.000000,0.000000,0.025400,0.000000,0.000000,0.025400,0.000000,-0.000000,0.000000,0.000000,0.000000,0.000000,1.000000;;
  }

  Frame Bip01 {
   

   FrameTransformMatrix {
    0.998227,0.059532,0.000002,0.000000,-0.059532,0.998227,-0.000000,0.000000,-0.000002,0.000000,1.000000,0.000000,17.213536,1085.11411,-0.000000,1.000000;;
   }

   Frame Bip01-Pelvis {
    

    FrameTransformMatrix {
     -0.011182,0.999143,0.039849,0.000000,-0.150037,-0.041077,0.987827,0.000000,0.988617,0.005067,0.150368,0.000000,0.000000,0.000000,0.000000,1.000000;;
    }

    Frame Bip01-Spine {
     

     FrameTransformMatrix {
      0.995408,-0.052353,0.080140,0.000000,0.039848,0.987826,0.150371,0.000000,-0.087036,-0.146487,0.985376,0.000000,58.684461,0.000105,-7.619658,1.000000;;
     }

     Frame Bip01-Spine1 {
      

      FrameTransformMatrix {
       0.992921,0.019637,-0.117143,0.000000,-0.015452,0.999213,0.036526,0.000000,0.117768,-0.034457,0.992443,0.000000,40.726013,-0.000001,-0.088024,1.000000;;
      }

      Frame Bip01-Spine2 {
       

       FrameTransformMatrix {
        0.996245,0.009197,-0.086092,0.000000,0.008421,0.979334,0.202075,0.000000,0.086172,-0.202041,0.975579,0.000000,110.749133,0.000005,-0.115376,1.000000;;
       }

       Frame Bip01-Neck {
        

        FrameTransformMatrix {
         0.934531,0.000002,0.355881,0.000000,-0.000002,1.000000,-0.000000,0.000000,-0.355881,-0.000000,0.934531,0.000000,160.096973,0.000007,0.052357,1.000000;;
        }

        Frame Bip01-Head {
         

         FrameTransformMatrix {
          0.981612,0.093462,0.166438,0.000000,-0.053563,0.971766,-0.229788,0.000000,-0.183215,0.216647,0.958904,0.000000,119.583130,-0.000008,-0.453129,1.000000;;
         }

         Frame L_Hair_Bone01 {
          

          FrameTransformMatrix {
           0.848789,0.524793,-0.064417,0.000000,-0.193341,0.421460,0.885997,0.000000,0.492114,-0.739570,0.459194,0.000000,121.961062,87.750336,-65.545728,1.000000;;
          }

          Frame L_Hair_Bone02 {
           

           FrameTransformMatrix {
            -0.787272,0.000000,-0.616606,0.000000,0.000000,1.000000,0.000000,0.000000,0.616606,0.000000,-0.787272,0.000000,75.598752,0.000000,0.000000,1.000000;;
           }

           Frame L_Hair_Bone03 {
            

            FrameTransformMatrix {
             0.988800,-0.000000,0.149249,0.000000,0.000000,1.000000,0.000001,0.000000,-0.149249,-0.000001,0.988800,0.000000,216.205824,0.000000,-0.000038,1.000000;;
            }

            Frame L_Hair_Bone04 {
             

             FrameTransformMatrix {
              0.721027,0.690521,-0.057455,0.000000,-0.678372,0.686575,-0.261583,0.000000,-0.141181,0.227585,0.963470,0.000000,186.909632,0.000076,-0.000076,1.000000;;
             }

             Frame L_Hair_Bone05 {
              

              FrameTransformMatrix {
               0.924247,0.292501,0.245380,0.000000,-0.291072,0.955738,-0.042924,0.000000,-0.247074,-0.031751,0.968477,0.000000,178.452762,0.000019,0.000229,1.000000;;
              }

              Frame L_Hair_Bone06 {
               

               FrameTransformMatrix {
                0.729991,-0.592034,0.341481,0.000000,0.569130,0.803211,0.175906,0.000000,-0.378424,0.065937,0.923281,0.000000,168.256384,-0.000038,0.000076,1.000000;;
               }

               Frame L_Hair_Bone07 {
                

                FrameTransformMatrix {
                 -0.326321,-0.815443,-0.478086,0.000000,0.943250,-0.313861,-0.108488,0.000000,-0.061587,-0.486357,0.871587,0.000000,171.544870,0.000038,-0.000076,1.000000;;
                }

                Frame L_Hair_Bone08 {
                 

                 FrameTransformMatrix {
                  0.443490,-0.360843,-0.820432,0.000000,0.509161,0.854759,-0.100710,0.000000,0.737612,-0.373068,0.562804,0.000000,162.050624,0.000038,0.000076,1.000000;;
                 }

                 Frame L_Hair_Bone09 {
                  

                  FrameTransformMatrix {
                   -0.135753,0.023580,-0.990462,0.000000,0.117290,0.993069,0.007566,0.000000,0.983775,-0.115144,-0.137578,0.000000,126.074982,0.000076,0.000114,1.000000;;
                  }

                  Frame L_Hair_Bone10 {
                   

                   FrameTransformMatrix {
                    0.122570,0.952174,-0.279896,0.000000,-0.985330,0.150494,0.080475,0.000000,0.118748,0.265926,0.956652,0.000000,109.409677,0.000076,0.000000,1.000000;;
                   }

                   Frame L_Hair_Bone11 {
                    

                    FrameTransformMatrix {
                     0.321331,0.262575,0.909836,0.000000,0.484715,0.779778,-0.396230,0.000000,-0.813510,0.568331,0.123293,0.000000,83.851546,0.000086,0.000458,1.000000;;
                    }
                   }
                  }
                 }
                }
               }
              }
             }
            }
           }
          }
         }

         Frame R_Hair_Bone01 {
          

          FrameTransformMatrix {
           0.848789,-0.524793,-0.064415,0.000000,-0.193342,-0.421457,0.885999,0.000000,-0.492114,-0.739571,-0.459192,0.000000,121.960448,-87.597062,-65.545389,1.000000;;
          }

          Frame R_Hair_Bone02 {
           

           FrameTransformMatrix {
            -0.787272,0.000000,0.616606,0.000000,0.000001,1.000000,0.000001,0.000000,-0.616606,0.000001,-0.787272,0.000000,75.598605,-0.000229,-0.000038,1.000000;;
           }

           Frame R_Hair_Bone03 {
            

            FrameTransformMatrix {
             0.988800,0.000000,-0.149249,0.000000,-0.000000,1.000000,-0.000000,0.000000,0.149249,0.000001,0.988800,0.000000,216.206054,0.000229,-0.000191,1.000000;;
            }

            Frame R_Hair_Bone04 {
             

             FrameTransformMatrix {
              0.721027,0.690521,0.057455,0.000000,-0.678372,0.686575,0.261583,0.000000,0.141181,-0.227585,0.963470,0.000000,186.909632,-0.000153,0.000000,1.000000;;
             }

             Frame R_Hair_Bone05 {
              

              FrameTransformMatrix {
               0.924247,0.292501,-0.245380,0.000000,-0.291072,0.955738,0.042924,0.000000,0.247074,0.031750,0.968476,0.000000,178.452762,-0.000172,-0.000076,1.000000;;
              }

              Frame R_Hair_Bone06 {
               

               FrameTransformMatrix {
                0.729991,-0.592034,-0.341481,0.000000,0.569130,0.803211,-0.175906,0.000000,0.378424,-0.065937,0.923281,0.000000,168.256525,0.000019,0.000000,1.000000;;
               }

               Frame R_Hair_Bone07 {
                

                FrameTransformMatrix {
                 -0.326321,-0.815444,0.478086,0.000000,0.943251,-0.313861,0.108488,0.000000,0.061587,0.486357,0.871587,0.000000,171.544934,0.000124,0.000153,1.000000;;
                }

                Frame R_Hair_Bone08 {
                 

                 FrameTransformMatrix {
                  0.443490,-0.360843,0.820432,0.000000,0.509161,0.854759,0.100710,0.000000,-0.737612,0.373069,0.562804,0.000000,162.050624,-0.000038,-0.000076,1.000000;;
                 }

                 Frame R_Hair_Bone09 {
                  

                  FrameTransformMatrix {
                   -0.135753,0.023579,0.990462,0.000000,0.117290,0.993069,-0.007566,0.000000,-0.983775,0.115144,-0.137578,0.000000,126.074829,-0.000076,-0.000267,1.000000;;
                  }

                  Frame R_Hair_Bone10 {
                   

                   FrameTransformMatrix {
                    0.122570,0.952174,0.279896,0.000000,-0.985330,0.150494,-0.080475,0.000000,-0.118749,-0.265926,0.956651,0.000000,109.409677,0.000458,0.000076,1.000000;;
                   }

                   Frame R_Hair_Bone11 {
                    

                    FrameTransformMatrix {
                     0.321331,0.262575,-0.909836,0.000000,0.484714,0.779779,0.396230,0.000000,0.813511,-0.568331,0.123293,0.000000,83.851302,0.000019,-0.000381,1.000000;;
                    }
                   }
                  }
                 }
                }
               }
              }
             }
            }
           }
          }
         }
        }

        Frame Bip01-L-Clavicle {
         

         FrameTransformMatrix {
          0.215206,0.973038,0.082965,0.000000,0.910836,-0.169353,-0.376427,0.000000,-0.352228,0.156577,-0.922724,0.000000,-1.136627,48.117248,-12.036972,1.000000;;
         }

         Frame Bip01-L-UpperArm {
          

          FrameTransformMatrix {
           0.514055,-0.851982,0.099368,0.000000,0.857580,0.512840,-0.039378,0.000000,-0.017411,0.105458,0.994271,0.000000,71.269491,-0.000305,0.000038,1.000000;;
          }

          Frame Bip01-L-Forearm {
           

           FrameTransformMatrix {
            -0.460170,-0.000000,-0.887831,0.000000,-0.000000,1.000000,-0.000000,0.000000,0.887831,0.000000,-0.460170,0.000000,242.697830,0.000076,0.000000,1.000000;;
           }

           Frame Bip01-L-Hand {
            

            FrameTransformMatrix {
             0.928344,-0.156642,-0.337107,0.000000,0.365546,0.220068,0.904403,0.000000,-0.067481,-0.962826,0.261559,0.000000,251.683072,-0.000076,0.000076,1.000000;;
            }

            Frame Bip01-L-Finger0 {
             

             FrameTransformMatrix {
              0.845332,0.095701,0.525600,0.000000,0.490119,0.252585,-0.834257,0.000000,-0.212598,0.962830,0.166613,0.000000,74.954528,-42.465990,39.139174,1.000000;;
             }

             Frame Bip01-L-Finger01 {
              

              FrameTransformMatrix {
               0.284115,-0.000000,0.958790,0.000000,-0.000000,1.000000,0.000000,0.000000,-0.958790,-0.000000,0.284115,0.000000,57.022611,0.000000,-0.000076,1.000000;;
              }
             }
            }

            Frame Bip01-L-Finger1 {
             

             FrameTransformMatrix {
              0.334992,-0.003080,0.942216,0.000000,-0.120081,0.991701,0.045935,0.000000,-0.934538,-0.128530,0.331842,0.000000,136.202317,-21.718635,0.492554,1.000000;;
             }

             Frame Bip01-L-Finger11 {
              

              FrameTransformMatrix {
               0.092410,-0.000001,0.995721,0.000000,0.000000,1.000000,0.000001,0.000000,-0.995721,0.000000,0.092410,0.000000,44.148637,0.000019,-0.000076,1.000000;;
              }
             }
            }

            Frame Bip01-L-Finger2 {
             

             FrameTransformMatrix {
              0.161132,0.025060,0.986615,0.000000,-0.134546,0.990902,-0.003195,0.000000,-0.977719,-0.132230,0.163038,0.000000,131.226573,33.215677,5.733795,1.000000;;
             }

             Frame Bip01-L-Finger21 {
              

              FrameTransformMatrix {
               0.006194,-0.000000,0.999981,0.000000,0.000000,1.000000,0.000000,0.000000,-0.999981,0.000000,0.006194,0.000000,44.818877,0.000000,0.000076,1.000000;;
              }
             }
            }
           }
          }
         }
        }

        Frame Bip01-R-Clavicle {
         

         FrameTransformMatrix {
          -0.039210,-0.913077,-0.405899,0.000000,-0.944022,-0.099304,0.314580,0.000000,-0.327543,0.395513,-0.858071,0.000000,-1.136780,-48.117325,-12.036667,1.000000;;
         }

         Frame Bip01-R-UpperArm {
          

          FrameTransformMatrix {
           0.457485,0.887381,0.057129,0.000000,-0.776500,0.367362,0.511952,0.000000,0.433309,-0.278571,0.857113,0.000000,71.269536,0.000000,0.000057,1.000000;;
          }

          Frame Bip01-R-Forearm {
           

           FrameTransformMatrix {
            -0.186963,0.000000,-0.982367,0.000000,-0.000000,1.000000,-0.000000,0.000000,0.982367,0.000000,-0.186963,0.000000,242.697984,0.000000,0.000000,1.000000;;
           }

           Frame Bip01-R-Hand {
            

            FrameTransformMatrix {
             0.956882,0.022308,-0.289619,0.000000,-0.259421,-0.382926,-0.886605,0.000000,-0.130682,0.923510,-0.360628,0.000000,251.683123,0.000000,0.000000,1.000000;;
            }

            Frame Bip01-R-Finger0 {
             

             FrameTransformMatrix {
              0.846725,0.043168,0.530276,0.000000,-0.531933,0.087788,0.842224,0.000000,-0.010195,-0.995203,0.097295,0.000000,74.954605,42.466048,39.139062,1.000000;;
             }

             Frame Bip01-R-Finger01 {
              

              FrameTransformMatrix {
               0.292304,-0.000001,0.956326,0.000000,-0.000004,1.000000,0.000002,0.000000,-0.956326,-0.000005,0.292304,0.000000,57.022630,0.000076,-0.000153,1.000000;;
              }
             }
            }

            Frame Bip01-R-Finger1 {
             

             FrameTransformMatrix {
              0.317014,0.174722,0.932188,0.000000,0.000087,0.982879,-0.184253,0.000000,-0.948421,0.058492,0.311571,0.000000,136.202419,21.718674,0.492477,1.000000;;
             }

             Frame Bip01-R-Finger11 {
              

              FrameTransformMatrix {
               0.074809,-0.000003,0.997198,0.000000,-0.000001,1.000000,0.000003,0.000000,-0.997198,-0.000001,0.074809,0.000000,44.148464,0.000076,0.000000,1.000000;;
              }
             }
            }

            Frame Bip01-R-Finger2 {
             

             FrameTransformMatrix {
              0.220761,0.100232,0.970164,0.000000,0.076106,0.989902,-0.119589,0.000000,-0.972354,0.100236,0.210904,0.000000,131.226573,-33.215638,5.733795,1.000000;;
             }

             Frame Bip01-R-Finger21 {
              

              FrameTransformMatrix {
               0.096298,-0.000004,0.995352,0.000000,-0.000000,1.000000,0.000004,0.000000,-0.995352,-0.000000,0.096298,0.000000,44.818723,0.000000,0.000076,1.000000;;
              }
             }
            }
           }
          }
         }
        }
       }
      }
     }
    }

    Frame Bip01-L-Thigh {
     

     FrameTransformMatrix {
      -0.940796,0.097258,-0.324722,0.000000,-0.064218,-0.991745,-0.110985,0.000000,-0.332836,-0.083561,0.939275,0.000000,0.000076,86.621965,0.000172,1.000000;;
     }

     Frame Bip01-L-Calf {
      

      FrameTransformMatrix {
       0.789971,-0.000000,-0.613144,0.000000,0.000000,1.000000,-0.000000,0.000000,0.613144,-0.000000,0.789971,0.000000,486.29757,-0.000029,0.000019,1.000000;;
      }

      Frame Bip01-L-Foot {
       

       FrameTransformMatrix {
        0.975194,0.033635,-0.218782,0.000000,-0.053351,0.994965,-0.084843,0.000000,0.214827,0.094411,0.972078,0.000000,408.112486,0.000038,-0.000076,1.000000;;
       }

       Frame Bip01-L-Toe0 {
        

        FrameTransformMatrix {
         0.189932,0.000002,0.981797,0.000000,-0.000001,1.000000,-0.000002,0.000000,-0.981798,-0.000000,0.189932,0.000000,202.932966,0.000000,94.617350,1.000000;;
        }
       }
      }
     }
    }

    Frame Bip01-R-Thigh {
     

     FrameTransformMatrix {
      -0.904821,-0.017202,0.425444,0.000000,-0.093987,-0.966469,-0.238966,0.000000,0.415289,-0.256208,0.872864,0.000000,0.000229,-86.621933,-0.000076,1.000000;;
     }

     Frame Bip01-R-Calf {
      

      FrameTransformMatrix {
       0.918197,0.000000,-0.396125,0.000000,-0.000000,1.000000,0.000000,0.000000,0.396125,0.000000,0.918197,0.000000,486.29747,0.000014,-0.000038,1.000000;;
      }

      Frame Bip01-R-Foot {
       

       FrameTransformMatrix {
        0.950238,-0.026464,-0.310399,0.000000,0.022523,0.999614,-0.016273,0.000000,0.310710,0.008472,0.950467,0.000000,408.112538,0.000060,0.000076,1.000000;;
       }

       Frame Bip01-R-Toe0 {
        

        FrameTransformMatrix {
         -0.000000,0.000001,1.000000,0.000000,-0.000002,1.000000,-0.000001,0.000000,-1.000000,-0.000002,-0.000000,0.000000,202.932928,-0.000002,94.617427,1.000000;;
        }
       }
      }
     }
    }

    Frame SK_LF {
     

     FrameTransformMatrix {
      -0.663845,0.405356,0.628487,0.000000,-0.163173,-0.898629,0.407237,0.000000,0.729852,0.167790,0.662693,0.000000,30.187226,78.221952,92.200941,1.000000;;
     }
    }

    Frame Sk_L {
     

     FrameTransformMatrix {
      -0.512133,0.857931,-0.040924,0.000000,0.068591,0.088346,0.993725,0.000000,0.856163,0.506112,-0.104091,0.000000,60.385056,129.667789,-1.058559,1.000000;;
     }
    }

    Frame SK_LB {
     

     FrameTransformMatrix {
      -0.473287,0.412559,-0.778329,0.000000,-0.053945,-0.895468,-0.441846,0.000000,-0.879255,-0.167132,0.446068,0.000000,63.816986,56.038515,-78.224826,1.000000;;
     }
    }

    Frame SK_RB {
     

     FrameTransformMatrix {
      -0.406453,-0.403556,-0.819719,0.000000,0.082750,-0.909742,0.406844,0.000000,-0.909917,0.097531,0.403162,0.000000,68.836672,-64.048365,-74.636416,1.000000;;
     }
    }

    Frame Sk_R {
     

     FrameTransformMatrix {
      -0.421940,-0.905087,-0.052775,0.000000,0.085579,-0.097711,0.991529,0.000000,-0.902576,0.413849,0.118684,0.000000,59.686586,-133.340826,-0.571623,1.000000;;
     }
    }

    Frame SK_RF {
     

     FrameTransformMatrix {
      -0.604675,-0.372924,0.703772,0.000000,0.233751,-0.927792,-0.290794,0.000000,0.761399,-0.011329,0.648185,0.000000,19.390794,-72.366310,114.760269,1.000000;;
     }
    }
   }
  }
 }

 Frame FRehiney_Skm {
  

  FrameTransformMatrix {
   0.025400,0.000000,0.000000,0.000000,0.000000,0.025400,0.000000,0.000000,0.000000,0.000000,0.025400,0.000000,0.000000,0.000000,0.000000,1.000000;;
  }

  Mesh FRehiney_Skm {
   7409;
   -302.901760;988.52186;281.357901;,
   -307.866598;977.01414;282.424755;,
   -345.278797;1000.09350;282.577178;,
   -41.156314;1714.71565;-52.154486;,
   -18.060917;1739.82234;-37.571008;,
   -17.387826;1722.66048;-63.087648;,
   -42.634826;1731.08352;-30.665002;,
   -55.556218;1702.35200;-41.144634;,
   -42.634826;1731.08352;-30.665002;,
   -41.156314;1714.71565;-52.154486;,
   -42.634826;1731.08352;-30.665002;,
   -55.556218;1702.35200;-41.144634;,
   -56.787251;1717.89312;-23.470318;,
   -69.788243;1699.35117;-15.547773;,
   -68.574310;1685.72122;-30.940128;,
   -55.556218;1702.35200;-41.144634;,
   -65.240576;1671.71213;-43.300397;,
   -68.574310;1685.72122;-30.940128;,
   -65.240576;1671.71213;-43.300397;,
   -54.773888;1687.43821;-55.635757;,
   -41.156314;1714.71565;-52.154486;,
   -41.032621;1698.65254;-66.339379;,
   -17.387826;1722.66048;-63.087648;,
   -41.156314;1714.71565;-52.154486;,
   -17.744994;1704.56602;-77.384947;,
   -30.689677;1688.85491;-81.155238;,
   -41.671696;1688.64013;-72.156813;,
   -31.686896;1674.64115;-84.108006;,
   -41.671696;1688.64013;-72.156813;,
   -30.689677;1688.85491;-81.155238;,
   -31.686896;1674.64115;-84.108006;,
   -42.206307;1674.87616;-75.713690;,
   -42.575888;1664.80499;-76.402605;,
   -53.779059;1663.02464;-65.413805;,
   -52.433091;1654.00653;-66.875411;,
   -59.568666;1651.12653;-55.062272;,
   -61.996019;1659.07546;-51.413056;,
   -31.953728;1663.38880;-84.625536;,
   -42.367843;1655.71149;-76.412339;,
   -32.137747;1654.33395;-83.392909;,
   -22.054131;1651.76934;-87.668134;,
   -21.452298;1660.86976;-89.768755;,
   -20.005683;1672.56986;-89.805005;,
   -20.005683;1672.56986;-89.805005;,
   -30.689677;1688.85491;-81.155238;,
   -18.990341;1689.06970;-86.678515;,
   -18.990341;1689.06970;-86.678515;,
   -8.558441;1688.82662;-89.151706;,
   -9.184483;1667.62150;-93.117293;,
   -10.364410;1650.35277;-92.107053;,
   -14.471656;1644.55219;-88.388282;,
   -4.143996;1633.51386;-87.645658;,
   -8.317011;1632.59469;-83.546982;,
   -42.309680;1646.64448;-75.645683;,
   -31.901952;1646.26688;-80.690778;,
   -23.120067;1643.87520;-82.663635;,
   -16.727742;1638.80320;-82.307040;,
   -11.039843;1631.26400;-79.533050;,
   -18.316078;1634.48115;-77.590848;,
   -14.123518;1628.32154;-75.996813;,
   -19.824886;1632.16998;-74.560000;,
   -24.112899;1640.03277;-78.813203;,
   -22.344112;1629.87789;-70.667514;,
   -18.616517;1624.92365;-70.807226;,
   -19.867954;1624.82086;-68.836378;,
   -21.398757;1630.47539;-72.672960;,
   -25.046326;1637.09478;-75.712058;,
   -31.910227;1642.59686;-77.983885;,
   -41.817818;1642.49574;-74.329568;,
   -31.901952;1646.26688;-80.690778;,
   -31.910227;1642.59686;-77.983885;,
   -41.817818;1642.49574;-74.329568;,
   -26.580573;1633.72467;-72.366534;,
   -22.344112;1629.87789;-70.667514;,
   -25.732653;1634.60019;-74.195264;,
   -32.206275;1639.90912;-75.820294;,
   -41.216106;1640.07770;-72.685638;,
   -49.883133;1640.54707;-67.511789;,
   -50.837661;1645.35142;-67.482758;,
   -32.667430;1637.00698;-74.759994;,
   -40.677930;1637.05882;-71.943853;,
   -47.357450;1635.63994;-67.140768;,
   -48.723754;1638.40320;-67.033997;,
   -51.366941;1633.73184;-61.461146;,
   -52.971603;1636.18278;-60.086029;,
   -53.851091;1632.13082;-57.415168;,
   -55.545408;1633.55354;-55.320570;,
   -47.357450;1635.63994;-67.140768;,
   -50.047043;1632.90650;-61.378861;,
   -52.335034;1631.78970;-57.606528;,
   -57.172352;1630.95526;-52.251667;,
   -53.999706;1631.02464;-56.858515;,
   -52.440166;1630.96934;-57.265754;,
   -33.201920;1630.35571;-46.263978;,
   -46.607936;1634.36698;-66.922496;,
   -40.414502;1635.69037;-71.416634;,
   -32.915270;1635.71366;-73.321670;,
   -16.701149;1625.28960;-72.905920;,
   -16.416309;1620.32960;-71.570125;,
   -18.469285;1620.94208;-69.700269;,
   -19.560542;1621.44870;-68.032954;,
   -5.863610;1604.54374;-81.747885;,
   -9.834002;1609.78022;-76.405856;,
   -6.566544;1611.57171;-80.230573;,
   -8.300732;1621.54842;-79.115987;,
   -12.090786;1619.22214;-74.747962;,
   -16.479629;1614.24896;-73.001402;,
   -14.772722;1607.63110;-74.211290;,
   -17.842552;1617.56224;-70.787686;,
   -18.469285;1620.94208;-69.700269;,
   -19.220266;1619.96390;-69.525696;,
   -20.045658;1620.88371;-67.986054;,
   -18.469285;1620.94208;-69.700269;,
   -19.220266;1619.96390;-69.525696;,
   -23.709362;1620.78426;-68.337875;,
   -20.045658;1620.88371;-67.986054;,
   -33.201920;1630.35571;-46.263978;,
   -31.114979;1618.14950;-69.546432;,
   -19.560542;1621.44870;-68.032954;,
   -18.469285;1620.94208;-69.700269;,
   -20.045658;1620.88371;-67.986054;,
   -19.560542;1621.44870;-68.032954;,
   -39.132861;1617.27654;-67.352026;,
   -45.365978;1619.62829;-64.065363;,
   -46.364976;1617.74643;-64.234374;,
   -49.551347;1623.85523;-60.430458;,
   -51.571331;1627.99795;-58.071616;,
   -52.440166;1630.96934;-57.265754;,
   -53.999706;1631.02464;-56.858515;,
   -53.027581;1627.53664;-57.670291;,
   -57.172352;1630.95526;-52.251667;,
   -55.622317;1625.44064;-53.317027;,
   -50.530122;1622.22669;-60.205850;,
   -52.062058;1618.44928;-57.395130;,
   -54.512288;1612.03136;-52.948797;,
   -54.266490;1637.85843;-59.650170;,
   -56.415667;1642.75904;-58.361811;,
   -56.528109;1634.68621;-54.299770;,
   -59.825709;1638.32858;-50.103021;,
   -60.927712;1631.75155;-44.615664;,
   -59.123149;1621.12909;-46.381357;,
   -55.419546;1601.82131;-48.305248;,
   -64.633574;1633.68230;-33.992141;,
   -62.152090;1614.46848;-34.491613;,
   -64.395181;1645.14765;-42.580589;,
   -69.292397;1653.83296;-32.548413;,
   -68.019270;1636.10522;-22.620362;,
   -63.820006;1617.20397;-19.556787;,
   -65.579290;1620.36787;-6.487785;,
   -70.501338;1638.31066;-10.873047;,
   -74.050714;1663.81338;-19.351653;,
   -65.240576;1671.71213;-43.300397;,
   -68.574310;1685.72122;-30.940128;,
   -68.930419;1627.08634;-0.295663;,
   -72.135859;1639.25670;-1.855259;,
   -75.846138;1671.59194;-7.160654;,
   -53.812538;1591.26272;-46.031910;,
   -51.915360;1583.57939;-29.935635;,
   -57.545146;1596.62170;-32.383722;,
   -59.880262;1601.91987;-18.057707;,
   -61.022765;1603.71648;-5.272070;,
   -61.103507;1603.63008;2.099147;,
   -64.066106;1610.87782;1.879270;,
   -42.163034;1569.89696;-41.076102;,
   -46.132707;1573.40339;-27.577187;,
   -49.836384;1579.15290;-18.493206;,
   -46.912707;1575.16006;-11.171261;,
   -38.604058;1565.29779;-23.398878;,
   -32.068778;1559.44192;-36.401386;,
   -33.239062;1562.00371;-50.010915;,
   -23.619960;1553.74630;-48.613162;,
   -53.889754;1587.16979;-17.180139;,
   -30.543050;1559.99706;-19.938262;,
   -23.478939;1553.35949;-30.418547;,
   -42.051731;1570.97421;-5.426118;,
   -54.637267;1588.75418;-5.143223;,
   -53.620624;1588.99034;2.182858;,
   -47.551238;1588.76698;6.328321;,
   -38.953386;1572.88512;3.056202;,
   -32.380646;1564.04070;-3.929146;,
   -22.682328;1555.48275;-14.521798;,
   -10.981908;1548.23706;-26.493971;,
   -19.539750;1550.15373;-36.764483;,
   -53.489878;1599.78611;9.303652;,
   17.387512;1545.56006;-45.226765;,
   11.620398;1548.29683;-27.565034;,
   9.442042;1543.63174;-39.477773;,
   1.019420;1543.51693;-38.427779;,
   0.248448;1547.45459;-28.682438;,
   -7.443086;1543.60986;-39.086669;,
   -13.315716;1545.55674;-45.169990;,
   -14.344917;1552.02560;-60.448154;,
   -14.766355;1548.27686;-54.976326;,
   -4.796465;1540.42867;-55.037843;,
   -5.361462;1548.23270;-64.673139;,
   -13.330444;1555.67526;-63.134963;,
   -5.250356;1552.67430;-66.403885;,
   -11.314865;1560.58240;-66.261613;,
   2.137168;1542.58662;-63.927770;,
   -5.200803;1544.13478;-61.567731;,
   2.137171;1547.36525;-66.444467;,
   9.635810;1548.23270;-64.673158;,
   9.475147;1544.13478;-61.567757;,
   19.040723;1548.27661;-54.976365;,
   8.836253;1540.42995;-55.063059;,
   2.137168;1542.58662;-63.927770;,
   2.137168;1542.58662;-63.927770;,
   8.836253;1540.42995;-55.063059;,
   2.016471;1539.02950;-57.219334;,
   2.016471;1539.02950;-57.219334;,
   -5.200803;1544.13478;-61.567731;,
   18.619285;1552.02534;-60.448186;,
   27.894358;1553.74630;-48.613219;,
   23.638642;1550.15821;-36.844330;,
   27.598496;1553.36474;-30.513002;,
   24.269622;1555.60678;-16.746726;,
   34.695734;1560.00384;-20.058909;,
   36.343216;1559.44166;-36.401459;,
   42.878541;1565.29779;-23.398963;,
   46.437488;1569.89683;-41.076186;,
   37.513472;1562.00371;-50.010982;,
   51.187242;1575.15994;-11.171366;,
   50.407200;1573.40326;-27.577286;,
   54.110906;1579.15290;-18.493317;,
   46.248966;1570.98330;-5.589405;,
   34.775427;1564.21824;-7.111490;,
   41.827811;1573.09862;-0.771795;,
   51.825846;1588.76698;6.328216;,
   56.189875;1583.57939;-29.935744;,
   58.164307;1587.16966;-17.180254;,
   58.911853;1588.75392;-5.143338;,
   57.895219;1588.99021;2.182741;,
   57.764506;1599.78586;9.303538;,
   65.378131;1603.62982;2.099016;,
   78.325434;1663.81325;-19.351808;,
   76.410554;1639.25658;-1.855416;,
   74.776019;1638.31053;-10.873199;,
   73.205094;1627.08621;-0.295811;,
   69.853946;1620.36762;-6.487928;,
   68.340749;1610.87770;1.879132;,
   65.297376;1603.71635;-5.272199;,
   64.154848;1601.91962;-18.057835;,
   61.819680;1596.62157;-32.383843;,
   73.567059;1653.83283;-32.548557;,
   72.293914;1636.10496;-22.620509;,
   68.094611;1617.20384;-19.556925;,
   66.426656;1614.46835;-34.491744;,
   58.087027;1591.26246;-46.032026;,
   68.908198;1633.68218;-33.992288;,
   68.669798;1645.14752;-42.580723;,
   66.270650;1659.07533;-51.413190;,
   63.843277;1651.12653;-55.062394;,
   58.053670;1663.02438;-65.413907;,
   56.707680;1654.00653;-66.875526;,
   46.850477;1664.80486;-76.402701;,
   46.642413;1655.71149;-76.412429;,
   47.714685;1578.77312;-55.357434;,
   40.104490;1590.15027;-65.296173;,
   51.405030;1588.84454;-57.152346;,
   59.694054;1601.82118;-48.305363;,
   63.397709;1621.12896;-46.381488;,
   65.202285;1631.75142;-44.615798;,
   64.100301;1638.32832;-50.103152;,
   61.446925;1630.95514;-52.251792;,
   59.896864;1625.44064;-53.317142;,
   58.786810;1612.03123;-52.948909;,
   53.211856;1598.40384;-58.255347;,
   42.743491;1598.54605;-65.376557;,
   30.646294;1602.20454;-70.670182;,
   15.314350;1631.26400;-79.533082;,
   16.365275;1619.22189;-74.747987;,
   12.575216;1621.54842;-79.116013;,
   14.108466;1609.78022;-76.405882;,
   20.754109;1614.24896;-73.001440;,
   19.047186;1607.63085;-74.211334;,
   32.806848;1608.21402;-69.765581;,
   43.583034;1605.44243;-65.045030;,
   52.663254;1607.10438;-59.226605;,
   43.407363;1617.27654;-67.352102;,
   50.639488;1617.74630;-64.234477;,
   43.817338;1615.55725;-67.459808;,
   51.611514;1613.44678;-61.199456;,
   56.336576;1618.44915;-57.395245;,
   43.698534;1611.11475;-64.720640;,
   34.065062;1612.58522;-68.033050;,
   26.488326;1616.14157;-69.929446;,
   35.133888;1616.55104;-69.897645;,
   27.474746;1619.50323;-69.391168;,
   22.117045;1617.56211;-70.787725;,
   23.494763;1619.96365;-69.525747;,
   27.983869;1620.78426;-68.337939;,
   35.389475;1618.14938;-69.546502;,
   20.690805;1620.32960;-71.570157;,
   22.743786;1620.94208;-69.700320;,
   24.320163;1620.88358;-67.986086;,
   37.476499;1630.35571;-46.264054;,
   23.835048;1621.44845;-68.032992;,
   23.835048;1621.44845;-68.032992;,
   49.640499;1619.62829;-64.065459;,
   53.825875;1623.85510;-60.430566;,
   54.804646;1622.22669;-60.205965;,
   57.302125;1627.53651;-57.670406;,
   55.845882;1627.99782;-58.071731;,
   56.714714;1630.96922;-57.265869;,
   58.274253;1631.02438;-56.858630;,
   59.819981;1633.55341;-55.320698;,
   60.802682;1634.68608;-54.299891;,
   58.541056;1637.85830;-59.650285;,
   57.246163;1636.18266;-60.086144;,
   52.998307;1638.40307;-67.034106;,
   54.157690;1640.54694;-67.511904;,
   45.490646;1640.07770;-72.685715;,
   36.184765;1642.59674;-77.983949;,
   36.480813;1639.90912;-75.820371;,
   46.092358;1642.49574;-74.329664;,
   46.584227;1646.64435;-75.645786;,
   55.112230;1645.35130;-67.482874;,
   60.690246;1642.75891;-58.361946;,
   36.412301;1654.33370;-83.392960;,
   36.176486;1646.26688;-80.690854;,
   26.328667;1651.76934;-87.668166;,
   27.394592;1643.87520;-82.663686;,
   18.746174;1644.55219;-88.388320;,
   8.418487;1633.51386;-87.645683;,
   12.591510;1632.59469;-83.546995;,
   14.638931;1650.35277;-92.107085;,
   36.228298;1663.38867;-84.625587;,
   25.726848;1660.86976;-89.768800;,
   13.459040;1667.62150;-93.117312;,
   24.280258;1672.56973;-89.805056;,
   12.833058;1688.82662;-89.151725;,
   23.264962;1689.06970;-86.678560;,
   22.019672;1704.56602;-77.384986;,
   35.961491;1674.64115;-84.108077;,
   46.480922;1674.87603;-75.713792;,
   58.510496;1673.74938;-62.906400;,
   45.946349;1688.64013;-72.156909;,
   34.964310;1688.85478;-81.155302;,
   45.307312;1698.65242;-66.339475;,
   59.048570;1687.43795;-55.635866;,
   69.515258;1671.71200;-43.300538;,
   80.120896;1671.59181;-7.160817;,
   72.849050;1685.72096;-30.940275;,
   74.063046;1699.35104;-15.547926;,
   45.431075;1714.71552;-52.154576;,
   59.048570;1687.43795;-55.635866;,
   59.830976;1702.35200;-41.144749;,
   69.515258;1671.71200;-43.300538;,
   72.849050;1685.72096;-30.940275;,
   61.062086;1717.89299;-23.470442;,
   46.909680;1731.08339;-30.665091;,
   22.335768;1739.82234;-37.571046;,
   21.662579;1722.66048;-63.087686;,
   21.662579;1722.66048;-63.087686;,
   45.431075;1714.71552;-52.154576;,
   2.137335;1705.07955;-82.168410;,
   2.137374;1724.67994;-67.855315;,
   22.335768;1739.82234;-37.571046;,
   2.137424;1742.93594;-41.865581;,
   -18.060917;1739.82234;-37.571008;,
   2.137221;1614.91622;-91.273741;,
   -1.723320;1624.64896;-86.594074;,
   2.137236;1624.97587;-87.753907;,
   -0.534408;1614.52096;-90.223859;,
   -4.858847;1623.61357;-83.236160;,
   -3.637635;1613.21766;-85.864608;,
   -6.566544;1611.57171;-80.230573;,
   -8.300732;1621.54842;-79.115987;,
   -8.317011;1632.59469;-83.546982;,
   -4.143996;1633.51386;-87.645658;,
   2.137245;1633.52934;-88.454246;,
   5.997794;1624.64896;-86.594080;,
   4.808851;1614.52096;-90.223885;,
   12.575216;1621.54842;-79.116013;,
   12.591510;1632.59469;-83.546995;,
   9.133327;1623.61357;-83.236173;,
   10.841002;1611.57171;-80.230598;,
   7.912085;1613.21754;-85.864627;,
   9.133327;1623.61357;-83.236173;,
   4.808851;1614.52096;-90.223885;,
   5.997794;1624.64896;-86.594080;,
   8.418487;1633.51386;-87.645683;,
   2.137259;1650.09024;-92.922400;,
   12.833058;1688.82662;-89.151725;,
   2.137279;1667.42067;-93.702944;,
   2.137307;1688.86221;-90.302541;,
   13.459040;1667.62150;-93.117312;,
   14.638931;1650.35277;-92.107085;,
   -10.364410;1650.35277;-92.107053;,
   -9.184483;1667.62150;-93.117293;,
   -8.558441;1688.82662;-89.151706;,
   2.137335;1705.07955;-82.168410;,
   22.019672;1704.56602;-77.384986;,
   -17.744994;1704.56602;-77.384947;,
   -61.889856;1612.03635;14.071499;,
   -53.489878;1599.78611;9.303652;,
   -65.613050;1621.92986;21.271419;,
   -60.725402;1605.49850;10.026546;,
   -53.489878;1599.78611;9.303652;,
   -62.158739;1606.98368;6.542893;,
   -61.103507;1603.63008;2.099147;,
   -60.725402;1605.49850;10.026546;,
   -64.634912;1606.12749;15.298107;,
   -69.000525;1612.30784;21.475763;,
   -75.430899;1621.76666;24.297237;,
   -77.939443;1622.57203;22.097930;,
   -83.289139;1635.59552;25.262539;,
   -86.116378;1635.51949;23.292442;,
   -87.075648;1648.78541;20.137230;,
   -74.140653;1642.61990;11.184322;,
   -84.980768;1652.55219;8.799015;,
   -71.321498;1635.00006;20.953578;,
   -65.613050;1621.92986;21.271419;,
   -74.140653;1642.61990;11.184322;,
   -77.038874;1646.30029;-0.014110;,
   -74.140653;1642.61990;11.184322;,
   -72.135859;1639.25670;-1.855259;,
   -89.769094;1646.64051;18.649498;,
   -88.408262;1649.77549;9.039980;,
   -80.495725;1644.28902;1.134563;,
   -73.602797;1636.70182;-0.029917;,
   -68.930419;1627.08634;-0.295663;,
   -76.814573;1629.55213;10.735096;,
   -64.066106;1610.87782;1.879270;,
   -66.643853;1610.08922;12.363626;,
   -64.066106;1610.87782;1.879270;,
   -61.103507;1603.63008;2.099147;,
   -66.643853;1610.08922;12.363626;,
   -71.799392;1614.23590;18.755054;,
   -76.814573;1629.55213;10.735096;,
   -69.292397;1653.83296;-32.548413;,
   -65.240576;1671.71213;-43.300397;,
   -61.996019;1659.07546;-51.413056;,
   -54.235859;1673.74950;-62.906285;,
   -54.773888;1687.43821;-55.635757;,
   -2.390127;1576.83814;-83.380435;,
   2.137183;1573.65773;-81.951181;,
   -2.094167;1574.11981;-81.406669;,
   2.137184;1576.14938;-83.796979;,
   6.664498;1576.83814;-83.380442;,
   6.368534;1574.11981;-81.406669;,
   2.137185;1571.59040;-78.503955;,
   6.368534;1574.11981;-81.406669;,
   5.871767;1572.07104;-78.441306;,
   -2.094167;1574.11981;-81.406669;,
   -1.597396;1572.07104;-78.441299;,
   -14.137643;1569.93101;-67.653338;,
   -14.047930;1570.02931;-67.641446;,
   -14.046022;1570.02304;-67.645728;,
   6.664498;1576.83814;-83.380442;,
   2.137192;1581.43731;-82.549453;,
   5.823822;1582.12237;-81.774918;,
   2.137184;1576.14938;-83.796979;,
   -2.390127;1576.83814;-83.380435;,
   -1.549435;1582.12237;-81.774912;,
   7.043925;1589.60883;-85.153581;,
   7.576511;1588.79142;-83.195117;,
   4.657971;1586.91392;-86.735853;,
   5.093758;1588.18406;-89.998765;,
   2.137192;1586.10150;-87.345523;,
   4.958072;1585.81734;-84.352954;,
   2.137193;1584.87002;-84.888858;,
   2.137192;1581.43731;-82.549453;,
   -0.683682;1585.81734;-84.352941;,
   -0.383585;1586.91392;-86.735840;,
   -2.094167;1574.11981;-81.406669;,
   -7.480594;1574.82496;-79.166374;,
   -2.390127;1576.83814;-83.380435;,
   -8.398290;1582.28019;-78.052506;,
   -3.771823;1587.76730;-82.735443;,
   -3.302112;1588.79142;-83.195098;,
   -2.769529;1589.60883;-85.153562;,
   -0.819375;1588.18406;-89.998739;,
   -5.336402;1589.17862;-82.728691;,
   -6.953104;1590.65421;-84.949235;,
   -7.102342;1588.89408;-79.684557;,
   -10.959745;1589.42285;-75.264704;,
   -13.862862;1578.64243;-73.336832;,
   -17.393491;1584.05402;-72.067245;,
   -23.803422;1577.93818;-67.602074;,
   -20.537877;1589.57517;-71.250502;,
   -31.425894;1581.29946;-65.601882;,
   -23.406370;1595.72531;-70.899232;,
   -10.542299;1573.18208;-75.127981;,
   -18.077109;1574.90957;-69.245530;,
   -9.644390;1571.96019;-74.357267;,
   -13.522610;1571.61626;-70.735949;,
   -19.632336;1570.72051;-66.585152;,
   -25.716232;1570.22451;-63.420909;,
   -32.005469;1569.03053;-59.574541;,
   -43.440246;1578.77325;-55.357338;,
   -15.709010;1570.49318;-68.480544;,
   -18.712792;1568.01446;-65.214880;,
   -24.088474;1565.39533;-61.204986;,
   -28.820074;1562.58982;-56.422246;,
   -38.148080;1568.92531;-52.557197;,
   -49.018998;1579.96070;-43.711277;,
   -20.322027;1560.08986;-61.174624;,
   -23.329411;1557.30522;-55.748384;,
   -16.838462;1564.50496;-65.043322;,
   -13.890509;1567.52858;-67.254477;,
   -15.344186;1569.37523;-67.230445;,
   -14.275813;1569.70355;-67.815283;,
   -14.383205;1570.33754;-68.182131;,
   -14.163370;1570.14029;-67.678144;,
   -9.350418;1569.10797;-72.560768;,
   -12.769240;1568.92442;-68.294202;,
   -12.198872;1569.78330;-69.045043;,
   -8.528914;1570.47680;-72.406176;,
   -6.280822;1568.61466;-75.576742;,
   -11.937431;1570.23654;-69.022835;,
   -14.137643;1569.93101;-67.653338;,
   -4.718986;1570.99917;-75.317459;,
   -1.126300;1570.68378;-77.486720;,
   -5.081402;1570.79053;-75.701254;,
   -8.324117;1570.66944;-72.218611;,
   -11.870412;1570.40755;-68.547706;,
   -14.137643;1569.93101;-67.653338;,
   -14.046022;1570.02304;-67.645728;,
   -0.775617;1570.96435;-75.516358;,
