xof 0303txt 0032
template ColorRGBA {
 <35ff44e0-6c7c-11cf-8f52-0040333594a3>
 FLOAT red;
 FLOAT green;
 FLOAT blue;
 FLOAT alpha;
}

template ColorRGB {
 <d3e16e81-7835-11cf-8f52-0040333594a3>
 FLOAT red;
 FLOAT green;
 FLOAT blue;
}

template Material {
 <3d82ab4d-62da-11cf-ab39-0020af71e433>
 ColorRGBA faceColor;
 FLOAT power;
 ColorRGB specularColor;
 ColorRGB emissiveColor;
 [...]
}

template TextureFilename {
 <a42790e1-7810-11cf-8f52-0040333594a3>
 STRING filename;
}

template Frame {
 <3d82ab46-62da-11cf-ab39-0020af71e433>
 [...]
}

template Matrix4x4 {
 <f6f23f45-7686-11cf-8f52-0040333594a3>
 array FLOAT matrix[16];
}

template FrameTransformMatrix {
 <f6f23f41-7686-11cf-8f52-0040333594a3>
 Matrix4x4 frameMatrix;
}

template Vector {
 <3d82ab5e-62da-11cf-ab39-0020af71e433>
 FLOAT x;
 FLOAT y;
 FLOAT z;
}

template MeshFace {
 <3d82ab5f-62da-11cf-ab39-0020af71e433>
 DWORD nFaceVertexIndices;
 array DWORD faceVertexIndices[nFaceVertexIndices];
}

template Mesh {
 <3d82ab44-62da-11cf-ab39-0020af71e433>
 DWORD nVertices;
 array Vector vertices[nVertices];
 DWORD nFaces;
 array MeshFace faces[nFaces];
 [...]
}

template MeshMaterialList {
 <f6f23f42-7686-11cf-8f52-0040333594a3>
 DWORD nMaterials;
 DWORD nFaceIndexes;
 array DWORD faceIndexes[nFaceIndexes];
 [Material <3d82ab4d-62da-11cf-ab39-0020af71e433>]
}

template VertexElement {
 <f752461c-1e23-48f6-b9f8-8350850f336f>
 DWORD Type;
 DWORD Method;
 DWORD Usage;
 DWORD UsageIndex;
}

template DeclData {
 <bf22e553-292c-4781-9fea-62bd554bdd93>
 DWORD nElements;
 array VertexElement Elements[nElements];
 DWORD nDWords;
 array DWORD data[nDWords];
}

template XSkinMeshHeader {
 <3cf169ce-ff7c-44ab-93c0-f78f62d172e2>
 WORD nMaxSkinWeightsPerVertex;
 WORD nMaxSkinWeightsPerFace;
 WORD nBones;
}

template SkinWeights {
 <6f0d123b-bad2-4167-a0d0-80224f25fabb>
 STRING transformNodeName;
 DWORD nWeights;
 array DWORD vertexIndices[nWeights];
 array FLOAT weights[nWeights];
 Matrix4x4 matrixOffset;
}

template AnimTicksPerSecond {
 <9e415a43-7ba6-4a73-8743-b73d47e88476>
 DWORD AnimTicksPerSecond;
}

template Animation {
 <3d82ab4f-62da-11cf-ab39-0020af71e433>
 [...]
}

template AnimationSet {
 <3d82ab50-62da-11cf-ab39-0020af71e433>
 [Animation <3d82ab4f-62da-11cf-ab39-0020af71e433>]
}

template FloatKeys {
 <10dd46a9-775b-11cf-8f52-0040333594a3>
 DWORD nValues;
 array FLOAT values[nValues];
}

template TimedFloatKeys {
 <f406b180-7b3b-11cf-8f52-0040333594a3>
 DWORD time;
 FloatKeys tfkeys;
}

template AnimationKey {
 <10dd46a8-775b-11cf-8f52-0040333594a3>
 DWORD keyType;
 DWORD nKeys;
 array TimedFloatKeys keys[nKeys];
}


Material Skin01Face_Mat {
 1.000000;1.000000;1.000000;1.000000;;
 10.000000;
 0.000000;0.000000;0.000000;;
 0.000000;0.000000;0.000000;;

 TextureFilename {
  "Face_T_2.tga";
 }
}

Material Skin01Body_Mat {
 1.000000;1.000000;1.000000;1.000000;;
 10.000000;
 0.000000;0.000000;0.000000;;
 0.000000;0.000000;0.000000;;

 TextureFilename {
  "Body_T_3.tga";
 }
}

Frame Root {
 

 FrameTransformMatrix {
  1.000000,0.000000,0.000000,0.000000,0.000000,1.000000,0.000000,0.000000,0.000000,0.000000,1.000000,0.000000,0.000000,0.000000,0.000000,1.000000;;
 }

 Frame Root {
  

  FrameTransformMatrix {
   0.000000,0.000000,-1.000000,0.000000,0.000000,1.000000,0.000000,0.000000,1.000000,0.000000,0.000000,0.000000,0.000000,0.000000,0.000000,1.000000;;
  }

  Frame Bip01 {
   

   FrameTransformMatrix {
    0.998226,0.059532,0.000002,0.000000,-0.059532,0.998226,-0.000000,0.000000,-0.000002,0.000000,1.000000,0.000000,1.721353,108.511411,-0.000000,1.000000;;
   }

   Frame Bip01-Pelvis {
    

    FrameTransformMatrix {
     -0.011182,0.999143,0.039848,0.000000,-0.150037,-0.041076,0.987827,0.000000,0.988617,0.005067,0.150368,0.000000,0.000000,0.000000,0.000000,1.000000;;
    }

    Frame Bip01-Spine {
     

     FrameTransformMatrix {
      0.995408,-0.052353,0.080140,0.000000,0.039848,0.987826,0.150371,0.000000,-0.087036,-0.146487,0.985376,0.000000,5.868446,0.000010,-0.761966,1.000000;;
     }

     Frame Bip01-Spine1 {
      

      FrameTransformMatrix {
       0.992921,0.019637,-0.117143,0.000000,-0.015452,0.999213,0.036526,0.000000,0.117768,-0.034457,0.992443,0.000000,4.072594,-0.000000,-0.008802,1.000000;;
      }

      Frame Bip01-Spine2 {
       

       FrameTransformMatrix {
        0.996245,0.009197,-0.086093,0.000000,0.008421,0.979334,0.202075,0.000000,0.086172,-0.202041,0.975579,0.000000,11.074921,0.000000,-0.011538,1.000000;;
       }

       Frame Bip01-Neck {
        

        FrameTransformMatrix {
         0.934531,0.000002,0.355881,0.000000,-0.000002,1.000000,-0.000000,0.000000,-0.355881,-0.000000,0.934531,0.000000,16.009698,0.000001,0.005236,1.000000;;
        }

        Frame Bip01-Head {
         

         FrameTransformMatrix {
          0.981613,0.093462,0.166438,0.000000,-0.053563,0.971766,-0.229788,0.000000,-0.183215,0.216648,0.958903,0.000000,11.958313,-0.000001,-0.045311,1.000000;;
         }

         Frame L_Hair_Bone01 {
          

          FrameTransformMatrix {
           0.848789,0.524793,-0.064417,0.000000,-0.193341,0.421460,0.885997,0.000000,0.492114,-0.739570,0.459194,0.000000,12.196122,8.775034,-6.554569,1.000000;;
          }

          Frame L_Hair_Bone02 {
           

           FrameTransformMatrix {
            -0.787272,0.000000,-0.616606,0.000000,0.000000,1.000000,0.000000,0.000000,0.616606,0.000000,-0.787272,0.000000,7.559845,0.000000,0.000000,1.000000;;
           }

           Frame L_Hair_Bone03 {
            

            FrameTransformMatrix {
             0.988800,-0.000000,0.149249,0.000000,0.000000,1.000000,0.000001,0.000000,-0.149249,-0.000001,0.988800,0.000000,21.620582,0.000000,0.000000,1.000000;;
            }

            Frame L_Hair_Bone04 {
             

             FrameTransformMatrix {
              0.721027,0.690521,-0.057455,0.000000,-0.678372,0.686575,-0.261583,0.000000,-0.141181,0.227585,0.963469,0.000000,18.690957,0.000000,-0.000008,1.000000;;
             }

             Frame L_Hair_Bone05 {
              

              FrameTransformMatrix {
               0.924246,0.292501,0.245380,0.000000,-0.291072,0.955738,-0.042924,0.000000,-0.247074,-0.031751,0.968476,0.000000,17.845275,0.000000,0.000023,1.000000;;
              }

              Frame L_Hair_Bone06 {
               

               FrameTransformMatrix {
                0.729991,-0.592034,0.341481,0.000000,0.569130,0.803211,0.175906,0.000000,-0.378424,0.065937,0.923281,0.000000,16.825645,0.000000,0.000008,1.000000;;
               }

               Frame L_Hair_Bone07 {
                

                FrameTransformMatrix {
                 -0.326321,-0.815443,-0.478087,0.000000,0.943251,-0.313861,-0.108488,0.000000,-0.061587,-0.486357,0.871587,0.000000,17.154488,0.000004,-0.000008,1.000000;;
                }

                Frame L_Hair_Bone08 {
                 

                 FrameTransformMatrix {
                  0.443490,-0.360843,-0.820432,0.000000,0.509161,0.854759,-0.100710,0.000000,0.737612,-0.373068,0.562804,0.000000,16.205058,0.000000,0.000008,1.000000;;
                 }

                 Frame L_Hair_Bone09 {
                  

                  FrameTransformMatrix {
                   -0.135753,0.023580,-0.990462,0.000000,0.117290,0.993069,0.007566,0.000000,0.983775,-0.115144,-0.137578,0.000000,12.607506,0.000000,0.000023,1.000000;;
                  }

                  Frame L_Hair_Bone10 {
                   

                   FrameTransformMatrix {
                    0.122570,0.952174,-0.279896,0.000000,-0.985330,0.150494,0.080475,0.000000,0.118749,0.265926,0.956651,0.000000,10.940971,0.000000,0.000000,1.000000;;
                   }

                   Frame L_Hair_Bone11 {
                    

                    FrameTransformMatrix {
                     0.321331,0.262575,0.909836,0.000000,0.484715,0.779778,-0.396230,0.000000,-0.813510,0.568331,0.123293,0.000000,8.385154,0.000008,0.000031,1.000000;;
                    }
                   }
                  }
                 }
                }
               }
              }
             }
            }
           }
          }
         }

         Frame R_Hair_Bone01 {
          

          FrameTransformMatrix {
           0.848789,-0.524794,-0.064415,0.000000,-0.193341,-0.421457,0.885999,0.000000,-0.492114,-0.739571,-0.459192,0.000000,12.196060,-8.759709,-6.554535,1.000000;;
          }

          Frame R_Hair_Bone02 {
           

           FrameTransformMatrix {
            -0.787272,-0.000000,0.616606,0.000000,0.000001,1.000000,0.000001,0.000000,-0.616606,0.000001,-0.787272,0.000000,7.559860,-0.000031,-0.000008,1.000000;;
           }

           Frame R_Hair_Bone03 {
            

            FrameTransformMatrix {
             0.988800,0.000000,-0.149249,0.000000,-0.000000,1.000000,-0.000000,0.000000,0.149249,0.000001,0.988800,0.000000,21.620598,0.000015,-0.000023,1.000000;;
            }

            Frame R_Hair_Bone04 {
             

             FrameTransformMatrix {
              0.721027,0.690521,0.057455,0.000000,-0.678372,0.686576,0.261583,0.000000,0.141181,-0.227585,0.963470,0.000000,18.690963,-0.000015,-0.000008,1.000000;;
             }

             Frame R_Hair_Bone05 {
              

              FrameTransformMatrix {
               0.924247,0.292501,-0.245380,0.000000,-0.291071,0.955738,0.042924,0.000000,0.247074,0.031750,0.968476,0.000000,17.845275,-0.000017,-0.000008,1.000000;;
              }

              Frame R_Hair_Bone06 {
               

               FrameTransformMatrix {
                0.729991,-0.592034,-0.341481,0.000000,0.569130,0.803211,-0.175906,0.000000,0.378424,-0.065937,0.923281,0.000000,16.825645,0.000008,0.000000,1.000000;;
               }

               Frame R_Hair_Bone07 {
                

                FrameTransformMatrix {
                 -0.326321,-0.815444,0.478086,0.000000,0.943251,-0.313861,0.108488,0.000000,0.061587,0.486357,0.871587,0.000000,17.154496,0.000015,0.000008,1.000000;;
                }

                Frame R_Hair_Bone08 {
                 

                 FrameTransformMatrix {
                  0.443490,-0.360843,0.820432,0.000000,0.509161,0.854759,0.100710,0.000000,-0.737612,0.373069,0.562804,0.000000,16.205069,0.000004,0.000000,1.000000;;
                 }

                 Frame R_Hair_Bone09 {
                  

                  FrameTransformMatrix {
                   -0.135753,0.023579,0.990462,0.000000,0.117290,0.993069,-0.007566,0.000000,-0.983776,0.115144,-0.137578,0.000000,12.607490,-0.000008,-0.000027,1.000000;;
                  }

                  Frame R_Hair_Bone10 {
                   

                   FrameTransformMatrix {
                    0.122570,0.952174,0.279896,0.000000,-0.985330,0.150494,-0.080475,0.000000,-0.118749,-0.265926,0.956652,0.000000,10.940974,0.000046,0.000000,1.000000;;
                   }

                   Frame R_Hair_Bone11 {
                    

                    FrameTransformMatrix {
                     0.321330,0.262575,-0.909836,0.000000,0.484714,0.779779,0.396230,0.000000,0.813510,-0.568330,0.123293,0.000000,8.385130,-0.000001,-0.000046,1.000000;;
                    }
                   }
                  }
                 }
                }
               }
              }
             }
            }
           }
          }
         }
        }

        Frame Bip01-L-Clavicle {
         

         FrameTransformMatrix {
          0.215206,0.973038,0.082965,0.000000,0.910836,-0.169353,-0.376426,0.000000,-0.352227,0.156576,-0.922724,0.000000,-0.113678,4.811724,-1.203695,1.000000;;
         }

         Frame Bip01-L-UpperArm {
          

          FrameTransformMatrix {
           0.514055,-0.851982,0.099368,0.000000,0.857581,0.512840,-0.039378,0.000000,-0.017411,0.105458,0.994271,0.000000,7.126950,-0.000031,0.000004,1.000000;;
          }

          Frame Bip01-L-Forearm {
           

           FrameTransformMatrix {
            -0.460170,-0.000000,-0.887831,0.000000,-0.000000,1.000000,0.000000,0.000000,0.887831,0.000000,-0.460170,0.000000,24.269790,0.000000,0.000001,1.000000;;
           }

           Frame Bip01-L-Hand {
            

            FrameTransformMatrix {
             0.928344,-0.156642,-0.337107,0.000000,0.365547,0.220068,0.904403,0.000000,-0.067481,-0.962826,0.261558,0.000000,25.168312,-0.000008,0.000008,1.000000;;
            }

            Frame Bip01-L-Finger0 {
             

             FrameTransformMatrix {
              0.845332,0.095701,0.525600,0.000000,0.490119,0.252585,-0.834257,0.000000,-0.212598,0.962830,0.166613,0.000000,7.495468,-4.246601,3.913918,1.000000;;
             }

             Frame Bip01-L-Finger01 {
              

              FrameTransformMatrix {
               0.284115,-0.000000,0.958790,0.000000,-0.000000,1.000000,0.000000,0.000000,-0.958790,-0.000000,0.284115,0.000000,5.702260,-0.000015,-0.000008,1.000000;;
              }
             }
            }

            Frame Bip01-L-Finger1 {
             

             FrameTransformMatrix {
              0.334992,-0.003080,0.942216,0.000000,-0.120081,0.991701,0.045935,0.000000,-0.934538,-0.128530,0.331842,0.000000,13.620246,-2.171867,0.049255,1.000000;;
             }

             Frame Bip01-L-Finger11 {
              

              FrameTransformMatrix {
               0.092410,-0.000001,0.995721,0.000000,0.000000,1.000000,0.000000,0.000000,-0.995721,0.000000,0.092410,0.000000,4.414856,0.000000,-0.000008,1.000000;;
              }
             }
            }

            Frame Bip01-L-Finger2 {
             

             FrameTransformMatrix {
              0.161132,0.025060,0.986615,0.000000,-0.134545,0.990902,-0.003195,0.000000,-0.977719,-0.132230,0.163038,0.000000,13.122666,3.321568,0.573387,1.000000;;
             }

             Frame Bip01-L-Finger21 {
              

              FrameTransformMatrix {
               0.006194,-0.000000,0.999981,0.000000,0.000000,1.000000,0.000000,0.000000,-0.999981,0.000000,0.006194,0.000000,4.481880,0.000000,0.000008,1.000000;;
              }
             }
            }
           }
          }
         }
        }

        Frame Bip01-R-Clavicle {
         

         FrameTransformMatrix {
          -0.039210,-0.913076,-0.405899,0.000000,-0.944022,-0.099304,0.314580,0.000000,-0.327543,0.395513,-0.858071,0.000000,-0.113678,-4.811732,-1.203669,1.000000;;
         }

         Frame Bip01-R-UpperArm {
          

          FrameTransformMatrix {
           0.457485,0.887381,0.057129,0.000000,-0.776499,0.367362,0.511952,0.000000,0.433309,-0.278571,0.857113,0.000000,7.126952,0.000000,0.000006,1.000000;;
          }

          Frame Bip01-R-Forearm {
           

           FrameTransformMatrix {
            -0.186963,-0.000000,-0.982367,0.000000,-0.000000,1.000000,0.000000,0.000000,0.982367,0.000000,-0.186963,0.000000,24.269790,0.000008,0.000002,1.000000;;
           }

           Frame Bip01-R-Hand {
            

            FrameTransformMatrix {
             0.956882,0.022308,-0.289619,0.000000,-0.259421,-0.382926,-0.886605,0.000000,-0.130682,0.923510,-0.360628,0.000000,25.168314,0.000000,-0.000008,1.000000;;
            }

            Frame Bip01-R-Finger0 {
             

             FrameTransformMatrix {
              0.846725,0.043168,0.530276,0.000000,-0.531933,0.087788,0.842224,0.000000,-0.010195,-0.995203,0.097295,0.000000,7.495461,4.246605,3.913910,1.000000;;
             }

             Frame Bip01-R-Finger01 {
              

              FrameTransformMatrix {
               0.292304,-0.000001,0.956326,0.000000,-0.000004,1.000000,0.000002,0.000000,-0.956326,-0.000005,0.292304,0.000000,5.702263,0.000004,-0.000008,1.000000;;
              }
             }
            }

            Frame Bip01-R-Finger1 {
             

             FrameTransformMatrix {
              0.317013,0.174722,0.932188,0.000000,0.000087,0.982879,-0.184253,0.000000,-0.948421,0.058492,0.311571,0.000000,13.620246,2.171875,0.049248,1.000000;;
             }

             Frame Bip01-R-Finger11 {
              

              FrameTransformMatrix {
               0.074809,-0.000003,0.997198,0.000000,-0.000001,1.000000,0.000003,0.000000,-0.997198,-0.000001,0.074809,0.000000,4.414846,0.000000,0.000000,1.000000;;
              }
             }
            }

            Frame Bip01-R-Finger2 {
             

             FrameTransformMatrix {
              0.220761,0.100232,0.970164,0.000000,0.076106,0.989902,-0.119589,0.000000,-0.972354,0.100236,0.210904,0.000000,13.122654,-3.321579,0.573380,1.000000;;
             }

             Frame Bip01-R-Finger21 {
              

              FrameTransformMatrix {
               0.096298,-0.000004,0.995352,0.000000,-0.000000,1.000000,0.000004,0.000000,-0.995352,-0.000000,0.096298,0.000000,4.481873,0.000008,0.000004,1.000000;;
              }
             }
            }
           }
          }
         }
        }
       }
      }
     }
    }

    Frame Bip01-L-Thigh {
     

     FrameTransformMatrix {
      -0.940796,0.097258,-0.324722,0.000000,-0.064218,-0.991745,-0.110985,0.000000,-0.332836,-0.083561,0.939275,0.000000,0.000000,8.662195,0.000017,1.000000;;
     }

     Frame Bip01-L-Calf {
      

      FrameTransformMatrix {
       0.789971,-0.000000,-0.613144,0.000000,0.000000,1.000000,-0.000000,0.000000,0.613144,-0.000000,0.789971,0.000000,48.629750,-0.000004,0.000002,1.000000;;
      }

      Frame Bip01-L-Foot {
       

       FrameTransformMatrix {
        0.975194,0.033635,-0.218783,0.000000,-0.053351,0.994965,-0.084843,0.000000,0.214827,0.094411,0.972078,0.000000,40.811248,0.000003,-0.000011,1.000000;;
       }

       Frame Bip01-L-Toe0 {
        

        FrameTransformMatrix {
         0.189932,0.000002,0.981798,0.000000,-0.000001,1.000000,-0.000002,0.000000,-0.981798,-0.000000,0.189932,0.000000,20.293293,-0.000001,9.461742,1.000000;;
        }
       }
      }
     }
    }

    Frame Bip01-R-Thigh {
     

     FrameTransformMatrix {
      -0.904821,-0.017202,0.425444,0.000000,-0.093987,-0.966469,-0.238966,0.000000,0.415289,-0.256208,0.872865,0.000000,0.000015,-8.662194,-0.000007,1.000000;;
     }

     Frame Bip01-R-Calf {
      

      FrameTransformMatrix {
       0.918197,0.000000,-0.396125,0.000000,-0.000000,1.000000,0.000000,0.000000,0.396125,0.000000,0.918197,0.000000,48.629744,0.000001,0.000004,1.000000;;
      }

      Frame Bip01-R-Foot {
       

       FrameTransformMatrix {
        0.950238,-0.026464,-0.310399,0.000000,0.022523,0.999614,-0.016273,0.000000,0.310710,0.008472,0.950467,0.000000,40.811248,0.000006,0.000004,1.000000;;
       }

       Frame Bip01-R-Toe0 {
        

        FrameTransformMatrix {
         -0.000000,0.000001,1.000000,0.000000,-0.000002,1.000000,-0.000001,0.000000,-1.000000,-0.000002,-0.000000,0.000000,20.293293,-0.000001,9.461742,1.000000;;
        }
       }
      }
     }
    }

    Frame SK_LF {
     

     FrameTransformMatrix {
      -0.663846,0.405356,0.628487,0.000000,-0.163173,-0.898629,0.407237,0.000000,0.729852,0.167790,0.662693,0.000000,3.018730,7.822196,9.220097,1.000000;;
     }
    }

    Frame Sk_L {
     

     FrameTransformMatrix {
      -0.512132,0.857931,-0.040924,0.000000,0.068591,0.088346,0.993726,0.000000,0.856163,0.506112,-0.104091,0.000000,6.038498,12.966780,-0.105856,1.000000;;
     }
    }

    Frame SK_LB {
     

     FrameTransformMatrix {
      -0.473287,0.412559,-0.778329,0.000000,-0.053945,-0.895468,-0.441846,0.000000,-0.879255,-0.167132,0.446068,0.000000,6.381699,5.603851,-7.822482,1.000000;;
     }
    }

    Frame SK_RB {
     

     FrameTransformMatrix {
      -0.406453,-0.403556,-0.819718,0.000000,0.082750,-0.909742,0.406844,0.000000,-0.909917,0.097531,0.403162,0.000000,6.883659,-6.404837,-7.463642,1.000000;;
     }
    }

    Frame Sk_R {
     

     FrameTransformMatrix {
      -0.421940,-0.905087,-0.052775,0.000000,0.085579,-0.097711,0.991529,0.000000,-0.902576,0.413849,0.118684,0.000000,5.968651,-13.334083,-0.057161,1.000000;;
     }
    }

    Frame SK_RF {
     

     FrameTransformMatrix {
      -0.604675,-0.372924,0.703772,0.000000,0.233751,-0.927792,-0.290794,0.000000,0.761399,-0.011329,0.648185,0.000000,1.939079,-7.236634,11.476029,1.000000;;
     }
    }
   }
  }
 }

 Frame FRehiney_Skm {
  

  FrameTransformMatrix {
   1.000000,0.000000,0.000000,0.000000,0.000000,1.000000,0.000000,0.000000,0.000000,0.000000,1.000000,0.000000,0.000000,0.000000,0.000000,1.000000;;
  }

  Mesh FRehiney_Skm {
   7363;
   -30.290150;98.852102;28.135757;,
   -30.786634;97.701325;28.242442;,
   -34.527869;100.009261;28.257680;,
   -4.115723;171.471526;-5.215482;,
   -1.806189;173.982208;-3.757134;,
   -1.738875;172.266022;-6.308795;,
   -4.263579;173.108288;-3.066535;,
   -5.555712;170.235174;-4.114497;,
   -4.263579;173.108288;-3.066535;,
   -4.115723;171.471526;-5.215482;,
   -5.678819;171.789261;-2.347067;,
   -6.978916;169.935078;-1.554813;,
   -6.857518;168.572058;-3.094047;,
   -6.524142;167.171174;-4.330072;,
   -6.857518;168.572058;-3.094047;,
   -5.477475;168.743757;-5.563608;,
   -4.115723;171.471526;-5.215482;,
   -4.103350;169.865216;-6.633969;,
   -1.738875;172.266022;-6.308795;,
   -4.115723;171.471526;-5.215482;,
   -1.774588;170.456563;-7.738525;,
   -3.069053;168.885440;-8.115554;,
   -4.167256;168.863962;-7.215711;,
   -3.168773;167.464077;-8.410830;,
   -4.220714;167.487578;-7.571398;,
   -4.257670;166.480448;-7.640290;,
   -5.377988;166.302400;-6.541410;,
   -5.243390;165.400602;-6.687570;,
   -5.956948;165.112614;-5.506258;,
   -6.199684;165.907507;-5.141337;,
   -3.195454;166.338842;-8.462581;,
   -4.236865;165.571085;-7.641262;,
   -3.213855;165.433331;-8.339318;,
   -2.205493;165.176896;-8.766839;,
   -2.145311;166.086950;-8.976903;,
   -2.000651;167.256922;-8.980529;,
   -1.899120;168.906918;-8.667881;,
   -0.855930;168.882624;-8.915198;,
   -0.918531;166.762112;-9.311757;,
   -1.036521;165.035238;-9.210733;,
   -1.447245;164.455206;-8.838854;,
   -0.414477;163.351322;-8.764592;,
   -0.831779;163.259443;-8.354724;,
   -4.231047;164.664422;-7.564597;,
   -3.190274;164.626650;-8.069106;,
   -2.312086;164.387494;-8.266391;,
   -1.672853;163.880294;-8.230729;,
   -1.104062;163.126362;-7.953332;,
   -1.831686;163.448077;-7.759110;,
   -1.412429;162.832128;-7.599706;,
   -1.982566;163.216960;-7.456026;,
   -2.411369;164.003226;-7.881346;,
   -2.234489;162.987763;-7.066778;,
   -1.861729;162.492314;-7.080750;,
   -1.986873;162.482035;-6.883665;,
   -2.139953;163.047501;-7.267323;,
   -2.504711;163.709427;-7.571234;,
   -3.191101;164.259648;-7.798416;,
   -4.181860;164.249536;-7.432984;,
   -2.658135;163.372416;-7.236681;,
   -2.573343;163.459955;-7.419554;,
   -3.220706;163.990874;-7.582058;,
   -4.121689;164.007718;-7.268592;,
   -4.988392;164.054669;-6.751208;,
   -5.083846;164.535091;-6.748306;,
   -3.266821;163.700672;-7.476027;,
   -4.067871;163.705843;-7.194413;,
   -4.735822;163.563955;-6.714106;,
   -4.872454;163.840282;-6.703429;,
   -5.136772;163.373158;-6.146144;,
   -5.297238;163.618214;-6.008632;,
   -5.385187;163.213043;-5.741546;,
   -5.554619;163.355315;-5.532087;,
   -4.735822;163.563955;-6.714106;,
   -5.004782;163.290624;-6.137915;,
   -5.233581;163.178918;-5.760682;,
   -5.717313;163.095475;-5.225196;,
   -5.400048;163.102438;-5.685882;,
   -5.244094;163.096896;-5.726604;,
   -3.320271;163.035533;-4.626427;,
   -4.660871;163.436646;-6.692278;,
   -4.041528;163.568998;-7.141692;,
   -3.291605;163.571315;-7.332194;,
   -1.670192;162.528934;-7.290618;,
   -1.641707;162.032909;-7.157038;,
   -1.847005;162.094157;-6.970054;,
   -1.956131;162.144819;-6.803321;,
   -0.586435;160.454349;-8.174814;,
   -0.983475;160.977984;-7.640610;,
   -0.656729;161.157133;-8.023082;,
   -0.830149;162.154816;-7.911624;,
   -1.209155;161.922163;-7.474821;,
   -1.648038;161.424845;-7.300166;,
   -1.477346;160.763059;-7.421155;,
   -1.784331;161.756186;-7.078795;,
   -1.847005;162.094157;-6.970054;,
   -1.922103;161.996339;-6.952596;,
   -2.004642;162.088320;-6.798630;,
   -2.371013;162.078400;-6.833814;,
   -3.320271;163.035533;-4.626427;,
   -3.111573;161.814912;-6.954670;,
   -1.956131;162.144819;-6.803321;,
   -1.956131;162.144819;-6.803321;,
   -3.913362;161.727603;-6.735230;,
   -4.536674;161.962778;-6.406564;,
   -4.636573;161.774592;-6.423465;,
   -4.955211;162.385472;-6.043075;,
   -5.157211;162.799757;-5.807191;,
   -5.244094;163.096896;-5.726604;,
   -5.400048;163.102438;-5.685882;,
   -5.302835;162.753613;-5.767058;,
   -5.717313;163.095475;-5.225196;,
   -5.562309;162.544026;-5.331732;,
   -5.053088;162.222643;-6.020614;,
   -5.206282;161.844864;-5.739541;,
   -5.451304;161.203085;-5.294908;,
   -5.426727;163.785792;-5.965046;,
   -5.641646;164.275866;-5.836212;,
   -5.652889;163.468557;-5.430007;,
   -5.982651;163.832819;-5.010332;,
   -6.092849;163.175091;-4.461596;,
   -5.912391;162.112845;-4.638166;,
   -5.542028;160.182067;-4.830553;,
   -6.463437;163.368192;-3.399245;,
   -6.215286;161.446810;-3.449191;,
   -6.439598;164.514726;-4.258090;,
   -6.929322;165.383258;-3.254873;,
   -6.802008;163.610470;-2.262068;,
   -6.382078;161.720371;-1.955709;,
   -6.558009;162.036749;-0.648810;,
   -7.050216;163.831014;-1.087337;,
   -7.405156;166.381286;-1.935199;,
   -6.524142;167.171174;-4.330072;,
   -6.857518;168.572058;-3.094047;,
   -6.893122;162.708582;-0.029599;,
   -7.213668;163.925619;-0.185559;,
   -7.584700;167.159168;-0.716100;,
   -5.381326;159.126208;-4.603219;,
   -5.191609;158.357914;-2.993591;,
   -5.754588;159.662118;-3.238400;,
   -5.988102;160.191923;-1.805800;,
   -6.102354;160.371584;-0.527238;,
   -6.110428;160.362957;0.209884;,
   -6.406689;161.087718;0.187896;,
   -4.216374;156.989645;-4.107636;,
   -4.613342;157.340301;-2.757746;,
   -4.983711;157.915251;-1.849349;,
   -4.691343;157.515942;-1.117155;,
   -3.860477;156.529728;-2.339914;,
   -3.206947;155.944154;-3.640164;,
   -3.323975;156.200333;-5.001117;,
   -2.362064;155.374592;-4.861342;,
   -5.389050;158.716928;-1.718043;,
   -3.054375;155.999680;-1.993852;,
   -2.347963;155.335910;-3.041880;,
   -4.205246;157.097370;-0.542640;,
   -5.463802;158.875379;-0.514352;,
   -5.362138;158.898982;0.218256;,
   -4.755200;158.876659;0.632803;,
   -3.895412;157.288486;0.305592;,
   -3.238137;156.404032;-0.392942;,
   -2.268303;155.548237;-1.452206;,
   -1.098260;154.823654;-2.649421;,
   -1.954043;155.015334;-3.676473;,
   -5.349065;159.978573;0.930335;,
   1.738683;154.555955;-4.522699;,
   1.161970;154.829632;-2.756526;,
   0.944136;154.363149;-3.947800;,
   0.101874;154.351667;-3.842800;,
   0.024776;154.745421;-2.868268;,
   -0.744376;154.360960;-3.908691;,
   -1.331639;154.555635;-4.517023;,
   -1.434558;155.202496;-6.044838;,
   -1.476702;154.827635;-5.497656;,
   -0.479712;154.042829;-5.503806;,
   -0.536212;154.823245;-6.467336;,
   -1.333112;155.567488;-6.313520;,
   -0.525102;155.267366;-6.640410;,
   -1.131554;156.058214;-6.626184;,
   0.213651;154.258637;-6.392798;,
   -0.520146;154.413427;-6.156796;,
   0.213651;154.736499;-6.644468;,
   0.963514;154.823245;-6.467338;,
   0.947449;154.413427;-6.156796;,
   1.904005;154.827648;-5.497658;,
   0.883559;154.042970;-5.506328;,
   0.213651;154.258637;-6.392798;,
   0.201582;153.902912;-5.721956;,
   -0.520146;154.413427;-6.156796;,
   1.861861;155.202496;-6.044840;,
   2.789367;155.374592;-4.861343;,
   2.363795;155.015795;-3.684455;,
   2.759779;155.336435;-3.051323;,
   2.426890;155.560666;-1.674696;,
   3.469500;156.000346;-2.005913;,
   3.634250;155.944154;-3.640167;,
   4.287781;156.529728;-2.339919;,
   4.643676;156.989658;-4.107641;,
   3.751277;156.200333;-5.001120;,
   5.118648;157.515942;-1.117159;,
   5.040645;157.340301;-2.757751;,
   5.411015;157.915251;-1.849354;,
   4.624821;157.098291;-0.558964;,
   3.477468;156.421798;-0.711172;,
   4.182705;157.309850;-0.077203;,
   5.182505;158.876659;0.632797;,
   5.618911;158.357914;-2.993597;,
   5.816353;158.716928;-1.718049;,
   5.891106;158.875379;-0.514358;,
   5.789442;158.899008;0.218251;,
   5.776370;159.978573;0.930329;,
   6.537731;160.362982;0.209878;,
   7.832453;166.381286;-1.935206;,
   7.640968;163.925632;-0.185566;,
   7.477514;163.831027;-1.087345;,
   7.320423;162.708608;-0.029606;,
   6.985309;162.036749;-0.648817;,
   6.833991;161.087718;0.187889;,
   6.529656;160.371597;-0.527244;,
   6.415405;160.191936;-1.805807;,
   6.181890;159.662118;-3.238406;,
   7.356619;165.383270;-3.254880;,
   7.229306;163.610483;-2.262075;,
   6.809378;161.720371;-1.955716;,
   6.642584;161.446822;-3.449197;,
   5.808627;159.126208;-4.603225;,
   6.890735;163.368192;-3.399252;,
   6.866894;164.514726;-4.258097;,
   6.626978;165.907520;-5.141343;,
   6.384242;165.112614;-5.506264;,
   5.805281;166.302400;-6.541415;,
   5.670684;165.400602;-6.687576;,
   4.684963;166.480474;-7.640295;,
   4.664158;165.571085;-7.641267;,
   4.771395;157.877286;-5.535765;,
   4.010375;159.015002;-6.529639;,
   5.140428;158.884416;-5.715257;,
   5.969328;160.182080;-4.830559;,
   6.339690;162.112858;-4.638171;,
   6.520146;163.175104;-4.461603;,
   6.409946;163.832819;-5.010339;,
   6.144610;163.095475;-5.225202;,
   5.989606;162.544026;-5.331738;,
   5.878602;161.203085;-5.294913;,
   5.321110;159.840358;-5.825557;,
   4.274274;159.854566;-6.537678;,
   3.064554;160.220429;-7.067041;,
   1.531357;163.126362;-7.953332;,
   1.636450;161.922163;-7.474822;,
   1.257445;162.154816;-7.911626;,
   1.410771;160.977984;-7.640612;,
   2.075335;161.424845;-7.300168;,
   1.904643;160.763059;-7.421157;,
   3.280608;160.821376;-6.976581;,
   4.358227;160.544205;-6.504525;,
   5.266248;160.710413;-5.922683;,
   4.340658;161.727603;-6.735234;,
   5.063870;161.774618;-6.423470;,
   4.381656;161.555674;-6.746003;,
   5.161073;161.344653;-6.119968;,
   5.633579;161.844877;-5.739547;,
   4.369776;161.111462;-6.472087;,
   3.406429;161.258483;-6.803327;,
   2.648755;161.614131;-6.992968;,
   3.513311;161.655066;-6.989787;,
   2.747397;161.950272;-6.939139;,
   2.211627;161.756186;-7.078798;,
   2.349399;161.996352;-6.952598;,
   2.798309;162.078400;-6.833817;,
   3.538869;161.814925;-6.954673;,
   2.069003;162.032909;-7.157041;,
   2.274301;162.094157;-6.970055;,
   2.431938;162.088333;-6.798633;,
   3.747568;163.035533;-4.626430;,
   2.383427;162.144832;-6.803322;,
   2.383427;162.144832;-6.803322;,
   4.963970;161.962778;-6.406570;,
   5.382508;162.385472;-6.043078;,
   5.480386;162.222643;-6.020618;,
   5.730132;162.753613;-5.767064;,
   5.584508;162.799757;-5.807197;,
   5.671391;163.096909;-5.726610;,
   5.827344;163.102438;-5.685887;,
   5.981916;163.355328;-5.532093;,
   6.080186;163.468570;-5.430013;,
   5.854023;163.785792;-5.965052;,
   5.724534;163.618227;-6.008638;,
   5.299749;163.840282;-6.703433;,
   5.415687;164.054669;-6.751212;,
   4.548984;164.007718;-7.268596;,
   3.618395;164.259648;-7.798420;,
   3.648000;163.990886;-7.582062;,
   4.609155;164.249536;-7.432989;,
   4.658342;164.664422;-7.564602;,
   5.511140;164.535091;-6.748310;,
   6.068941;164.275878;-5.836218;,
   3.641147;165.433331;-8.339322;,
   3.617567;164.626650;-8.069110;,
   2.632785;165.176896;-8.766843;,
   2.739379;164.387494;-8.266393;,
   1.874537;164.455206;-8.838857;,
   0.841771;163.351322;-8.764593;,
   1.259073;163.259443;-8.354724;,
   1.463813;165.035238;-9.210734;,
   3.622746;166.338842;-8.462585;,
   2.572602;166.086950;-8.976905;,
   1.345821;166.762112;-9.311758;,
   2.427941;167.256922;-8.980530;,
   1.283219;168.882624;-8.915199;,
   2.326409;168.906918;-8.667883;,
   2.201877;170.456563;-7.738526;,
   3.596063;167.464077;-8.410834;,
   4.648006;167.487578;-7.571403;,
   5.850962;167.374899;-6.290666;,
   4.594546;168.863962;-7.215716;,
   3.496343;168.885440;-8.115556;,
   4.530640;169.865229;-6.633973;,
   5.904767;168.743770;-5.563614;,
   6.951436;167.171187;-4.330079;,
   8.011998;167.159168;-0.716108;,
   7.284813;168.572070;-3.094054;,
   7.406210;169.935091;-1.554821;,
   4.543013;171.471539;-5.215486;,
   5.904767;168.743770;-5.563614;,
   5.983004;170.235174;-4.114503;,
   6.951436;167.171187;-4.330079;,
   7.284813;168.572070;-3.094054;,
   6.106110;171.789274;-2.347073;,
   4.690869;173.108288;-3.066539;,
   2.233478;173.982208;-3.757135;,
   2.166163;172.266022;-6.308797;,
   2.166163;172.266022;-6.308797;,
   4.543013;171.471539;-5.215486;,
   0.213644;170.507930;-8.216870;,
   0.213644;172.467942;-6.785562;,
   2.233478;173.982208;-3.757135;,
   0.213644;174.293568;-4.186591;,
   -1.806189;173.982208;-3.757134;,
   0.213647;161.491571;-9.127398;,
   -0.172408;162.464845;-8.659433;,
   0.213647;162.497549;-8.775416;,
   -0.053515;161.452058;-9.022412;,
   -0.485961;162.361318;-8.323642;,
   -0.363838;161.321702;-8.586485;,
   -0.656729;161.157133;-8.023082;,
   -0.830149;162.154816;-7.911624;,
   -0.831779;163.259443;-8.354724;,
   -0.414477;163.351322;-8.764592;,
   0.213647;163.352896;-8.845450;,
   0.599703;162.464845;-8.659433;,
   0.480810;161.452058;-9.022412;,
   1.257445;162.154816;-7.911626;,
   1.259073;163.259443;-8.354724;,
   0.913256;162.361318;-8.323642;,
   1.084025;161.157133;-8.023084;,
   0.791133;161.321702;-8.586486;,
   0.480810;161.452058;-9.022412;,
   0.841771;163.351322;-8.764593;,
   0.213646;165.008973;-9.292266;,
   1.283219;168.882624;-8.915199;,
   0.213645;166.742029;-9.370322;,
   0.213644;168.886182;-9.030283;,
   1.345821;166.762112;-9.311758;,
   1.463813;165.035238;-9.210734;,
   -1.036521;165.035238;-9.210733;,
   -0.918531;166.762112;-9.311757;,
   -0.855930;168.882624;-8.915198;,
   0.213644;170.507930;-8.216870;,
   2.201877;170.456563;-7.738526;,
   -1.774588;170.456563;-7.738525;,
   -6.189065;161.203610;1.407118;,
   -5.349065;159.978573;0.930335;,
   -6.561386;162.192947;2.127109;,
   -6.072618;160.549824;1.002623;,
   -5.349065;159.978573;0.930335;,
   -6.215952;160.698304;0.654257;,
   -6.110428;160.362957;0.209884;,
   -6.072618;160.549824;1.002623;,
   -6.463570;160.612698;1.529779;,
   -6.900132;161.230746;2.147543;,
   -7.543171;162.176640;2.429690;,
   -7.794026;162.257178;2.209759;,
   -8.328998;163.559488;2.526219;,
   -8.611722;163.551910;2.329209;,
   -8.707650;164.878515;2.013687;,
   -7.414150;164.261952;1.118398;,
   -8.498162;165.255168;0.879866;,
   -7.132233;163.499955;2.095324;,
   -6.561386;162.192947;2.127109;,
   -7.414150;164.261952;1.118398;,
   -7.703970;164.629990;-0.001445;,
   -7.414150;164.261952;1.118398;,
   -7.213668;163.925619;-0.185559;,
   -8.976994;164.664000;1.864914;,
   -8.840910;164.977510;0.903963;,
   -8.049656;164.428864;0.113422;,
   -7.360361;163.670118;-0.003026;,
   -6.893122;162.708582;-0.029599;,
   -7.681539;162.955149;1.073476;,
   -6.406689;161.087718;0.187896;,
   -6.664464;161.008883;1.236331;,
   -6.406689;161.087718;0.187896;,
   -6.110428;160.362957;0.209884;,
   -6.664464;161.008883;1.236331;,
   -7.180020;161.423552;1.875473;,
   -7.681539;162.955149;1.073476;,
   -6.929322;165.383258;-3.254873;,
   -5.423669;167.374899;-6.290660;,
   -5.477475;168.743757;-5.563608;,
   -0.239082;157.683750;-8.338067;,
   0.213649;157.365709;-8.195140;,
   -0.209485;157.411942;-8.140690;,
   0.213649;157.614912;-8.379722;,
   0.666380;157.683750;-8.338067;,
   0.636784;157.411942;-8.140690;,
   0.213650;157.159014;-7.850417;,
   0.636784;157.411942;-8.140690;,
   0.587108;157.207066;-7.844153;,
   -0.209485;157.411942;-8.140690;,
   -0.159808;157.207066;-7.844153;,
   -1.413833;156.993075;-6.765356;,
   -1.404862;157.002893;-6.764169;,
   -1.404671;157.002278;-6.764597;,
   0.666380;157.683750;-8.338067;,
   0.213649;158.143680;-8.254968;,
   0.582312;158.212198;-8.177514;,
   0.213649;157.614912;-8.379722;,
   -0.239082;157.683750;-8.338067;,
   -0.155014;158.212198;-8.177514;,
   0.704321;158.960858;-8.515381;,
   0.757580;158.879104;-8.319534;,
   0.465726;158.691366;-8.673608;,
   0.509305;158.818381;-8.999898;,
   0.213649;158.610086;-8.734574;,
   0.495736;158.581709;-8.435317;,
   0.213649;158.486963;-8.488910;,
   0.213649;158.143680;-8.254968;,
   -0.068439;158.581709;-8.435317;,
   -0.038429;158.691366;-8.673608;,
   -0.209485;157.411942;-8.140690;,
   -0.748128;157.482470;-7.916662;,
   -0.239082;157.683750;-8.338067;,
   -0.839899;158.227981;-7.805274;,
   -0.377253;158.776691;-8.273566;,
   -0.330282;158.879104;-8.319534;,
   -0.277024;158.960858;-8.515380;,
   -0.082008;158.818381;-8.999898;,
   -0.533711;158.917798;-8.272891;,
   -0.695382;159.065382;-8.494946;,
   -0.710305;158.889357;-7.968478;,
   -1.096046;158.942246;-7.526494;,
   -1.386356;157.864218;-7.333707;,
   -1.739420;158.405350;-7.206748;,
   -2.380412;157.793766;-6.760232;,
   -2.053859;158.957478;-7.125075;,
   -3.142659;158.129907;-6.560213;,
   -2.340709;159.572493;-7.089948;,
   -1.054299;157.318182;-7.512822;,
   -1.807780;157.490906;-6.924577;,
   -0.964508;157.195968;-7.435750;,
   -1.352330;157.161574;-7.073618;,
   -1.963302;157.071987;-6.658540;,
   -2.571692;157.022387;-6.342116;,
   -3.200615;156.903002;-5.957480;,
   -4.344094;157.877274;-5.535760;,
   -1.570970;157.049280;-6.848078;,
   -1.871348;156.801408;-6.521512;,
   -2.408916;156.539507;-6.120522;,
   -2.882076;156.258944;-5.642249;,
   -3.814877;156.892493;-5.255746;,
   -4.901971;157.996032;-4.371156;,
   -2.032270;156.008947;-6.117486;,
   -2.333009;155.730458;-5.574862;,
   -1.683915;156.450445;-6.504354;,
   -1.389120;156.752794;-6.725470;,
   -1.534487;156.937485;-6.723068;,
   -1.427650;156.970342;-6.781552;,
   -1.438389;157.033728;-6.818236;,
   -1.416406;157.013978;-6.767838;,
   -0.935110;156.910733;-7.256101;,
   -1.276993;156.892390;-6.829444;,
   -1.219956;156.978291;-6.904529;,
   -0.852960;157.047654;-7.240642;,
   -0.628151;156.861440;-7.557696;,
   -1.193812;157.023616;-6.902307;,
   -1.413833;156.993075;-6.765356;,
   -0.471967;157.099866;-7.531768;,
   -0.112699;157.068339;-7.748694;,
   -0.508209;157.079027;-7.570147;,
   -0.832481;157.066893;-7.221884;,
   -1.187110;157.040717;-6.854794;,
   -1.413833;156.993075;-6.765356;,
   -1.404671;157.002278;-6.764597;,
   -0.077631;157.096384;-7.551658;,
   0.213650;157.078822;-7.608104;,
   0.213650;157.049178;-7.773810;,
   0.539998;157.068339;-7.748694;,
   0.213650;156.785344;-7.850536;,
   -0.210963;156.805171;-7.814332;,
   0.899267;157.099866;-7.531770;,
   0.504930;157.096384;-7.551658;,
   1.614410;157.040717;-6.854795;,
   1.280260;157.047654;-7.240642;,
   1.259780;157.066893;-7.221885;,
   0.935508;157.079027;-7.570150;,
   0.638263;156.805171;-7.814332;,
   0.213650;156.355853;-7.734090;,
   -0.236549;156.367360;-7.692759;,
   1.055450;156.861440;-7.557698;,
   1.362410;156.910746;-7.256102;,
   0.213650;156.114253;-7.376441;,
   0.663849;156.367360;-7.692759;,
   1.094474;156.500378;-7.397918;,
   1.423610;156.679936;-7.104762;,
   1.704293;156.892390;-6.829446;,
   1.434163;156.439808;-6.868865;,
   1.816420;156.752794;-6.725473;,
   1.558855;156.058214;-6.626186;,
   1.074271;156.272768;-7.087947;,
   0.629024;156.124083;-7.349902;,
   0.213650;155.972813;-7.052238;,
   0.580415;155.989747;-7.026607;,
   0.952339;155.778662;-6.805955;,
   0.952404;155.267366;-6.640410;,
   1.760413;155.567488;-6.313521;,
   0.213651;155.186189;-6.740680;,
   0.213651;155.732096;-6.863416;,
   -0.153114;155.989747;-7.026607;,
   -0.201724;156.124083;-7.349902;,
   -0.646971;156.272768;-7.087945;,
   -0.525038;155.778662;-6.805953;,
   -1.006862;156.439808;-6.868863;,
   -0.667174;156.500378;-7.397916;,
   -0.996310;156.679910;-7.104762;,
   -3.583076;159.015002;-6.529636;,
   -4.713128;158.884403;-5.715251;,
   -5.542028;160.182067;-4.830553;,
   -4.893810;159.840346;-5.825552;,
   -3.846976;159.854566;-6.537674;,
   -2.637256;160.220416;-7.067038;,
   -1.334848;160.042714;-7.465004;,
   -0.828808;160.263974;-7.701133;,
   -0.784458;159.752986;-8.369366;,
   -0.936783;159.638758;-7.635738;,
   -0.902249;159.195878;-7.662058;,
   -1.239771;159.444608;-7.462835;,
   -0.813381;159.321971;-8.438241;,
   -0.516112;159.387482;-9.275202;,
